1,Larry Foust,1954-55,26,FTW,NBA,70,,2264,23.0,.570,.487,,,,,,,,,,,10.3,3.0,13.3,.282,.487,,.766
2,Larry Foust,1955-56,27,FTW,NBA,72,,2024,23.8,.547,.447,,,,,,,,,,,8.6,2.6,11.1,.264,.447,,.778
3,Ed Macauley *,1953-54,25,BOS,NBA,71,,2792,23.4,.563,.486,,,,,,,,,,,13.1,1.5,14.6,.252,.486,,.758
4,Ed Macauley *,1951-52,23,BOS,NBA,66,,2631,22.6,.544,.432,,,,,,,,,,,11.3,2.6,13.8,.252,.432,,.799
5,Moses Malone *,1982-83,27,PHI,NBA,78,78,2922,25.1,.578,.501,16.8,25.9,21.6,5.1,1.4,3.0,13.8,26.0,116,97,9.1,6.0,15.1,.248,.501,.000,.761
6,Bob McAdoo *,1974-75,23,BUF,NBA,82,,3539,25.8,.569,.512,9.2,23.5,16.6,8.6,1.2,2.4,,,,95,12.7,5.1,17.8,.242,.512,,.805
7,Ed Macauley *,1952-53,24,BOS,NBA,69,,2902,24.3,.543,.452,,,,,,,,,,,12.2,2.3,14.5,.239,.452,,.750
8,Dwight Howard,2010-11,25,ORL,NBA,78,78,2935,26.0,.616,.593,12.6,30.6,21.8,6.8,1.9,4.9,16.2,27.2,113,94,6.7,7.7,14.4,.236,.593,.000,.596
9,Dwight Howard,2008-09,23,ORL,NBA,79,79,2821,25.4,.600,.572,13.8,29.5,21.8,7.3,1.4,5.9,15.1,26.1,113,95,6.2,7.6,13.8,.234,.572,.000,.594
10,Marcus Camby,2000-01,26,NYK,NBA,63,63,2127,20.9,.559,.525,11.5,29.0,20.5,4.5,1.7,5.2,8.5,17.0,116,91,4.8,5.5,10.3,.233,.524,.125,.667
11,Bob McAdoo *,1973-74,22,BUF,NBA,74,,3185,24.7,.594,.547,9.0,25.4,17.4,8.1,1.2,3.8,,,,95,10.9,4.4,15.3,.231,.547,,.793
12,Willis Reed *,1969-70,27,NYK,NBA,81,,3089,20.3,.552,.507,,,,7.1,,,,,,,7.2,7.5,14.6,.227,.507,,.756
13,Willis Reed *,1968-69,26,NYK,NBA,82,,3108,21.4,.562,.521,,,,9.0,,,,,,,9.5,5.1,14.7,.227,.521,,.747
14,Dwight Howard,2009-10,24,ORL,NBA,82,82,2843,24.0,.630,.612,12.0,31.3,22.0,8.7,1.4,6.0,18.7,23.9,113,95,6.1,7.1,13.2,.223,.612,.000,.592
15,Clyde Lovellette *,1959-60,30,STL,NBA,68,,1953,23.3,.527,.468,,,,,,,,,,,7.1,1.9,9.0,.221,.468,,.821
16,Moses Malone *,1981-82,26,HOU,NBA,81,81,3398,26.8,.576,.519,17.5,21.2,19.3,6.9,1.1,2.1,11.9,29.9,118,106,11.7,3.7,15.4,.218,.519,.000,.762
17,Bill Walton *,1976-77,24,POR,NBA,65,,2264,22.9,.563,.528,9.8,32.3,21.2,15.4,1.3,5.0,,,,91,5.4,4.8,10.2,.215,.528,,.697
18,Bob Houbregs *,1955-56,23,FTW,NBA,70,,1535,22.0,.523,.430,,,,,,,,,,,4.9,1.9,6.9,.214,.430,,.739
19,Patrick Ewing *,1993-94,31,NYK,NBA,79,79,2972,22.9,.551,.497,8.5,24.9,16.9,11.3,1.6,5.1,12.9,29.8,108,93,5.1,8.0,13.1,.211,.496,.286,.765
20,Dan Issel *,1976-77,28,DEN,NBA,79,,2507,21.2,.578,.515,8.8,19.3,14.2,11.0,1.6,0.6,,,,96,7.1,3.8,10.9,.208,.515,,.797
21,Patrick Ewing *,1989-90,27,NYK,NBA,82,82,3165,25.8,.599,.551,8.5,22.4,15.7,10.0,1.2,5.9,12.4,29.4,115,103,8.3,5.3,13.5,.205,.551,.250,.775
22,Moses Malone *,1980-81,25,HOU,NBA,80,,3245,25.1,.585,.522,16.1,24.5,20.3,6.6,1.2,2.6,14.0,27.6,115,104,9.5,4.2,13.7,.202,.522,.333,.757
23,Dwight Howard,2007-08,22,ORL,NBA,82,82,3088,22.9,.619,.599,10.9,31.6,21.7,6.1,1.2,4.2,16.1,24.2,113,99,6.4,6.4,12.9,.200,.599,.000,.590
24,Clyde Lovellette *,1953-54,24,MNL,NBA,72,,1255,20.7,.465,.423,,,,,,,,,,,2.5,2.7,5.2,.200,.423,,.695
25,Moses Malone *,1978-79,23,HOU,NBA,82,,3390,23.7,.604,.540,19.2,27.1,23.2,5.9,1.1,1.8,16.2,23.4,117,104,10.6,3.5,14.1,.200,.540,,.739
26,Jack Sikma,1981-82,26,SEA,NBA,82,82,3049,20.6,.559,.480,8.2,28.0,18.5,13.1,1.6,1.9,12.9,22.5,113,97,5.9,6.7,12.6,.199,.479,.154,.855
27,Patrick Ewing *,1991-92,29,NYK,NBA,82,82,3150,22.8,.563,.522,8.4,24.9,16.8,8.5,1.4,5.0,10.7,27.2,112,98,6.1,6.9,13.0,.198,.522,.167,.738
28,Danny Schayes,1987-88,28,DEN,NBA,81,74,2166,18.4,.640,.540,9.3,23.3,16.1,6.2,1.3,2.4,14.9,18.7,122,104,5.4,3.3,8.8,.195,.540,.000,.836
29,Clyde Lovellette *,1958-59,29,STL,NBA,70,,1599,22.3,.507,.454,,,,,,,,,,,4.7,1.8,6.5,.194,.454,,.820
30,Clyde Lovellette *,1960-61,31,STL,NBA,67,,2111,20.5,.502,.453,,,,,,,,,,,5.1,3.4,8.5,.193,.453,,.830
31,Moses Malone *,1984-85,29,PHI,NBA,79,79,2957,22.5,.577,.469,14.8,24.4,19.7,6.6,1.1,2.4,14.5,26.8,116,105,7.9,4.0,11.9,.193,.469,.000,.815
32,Dan Issel *,1981-82,33,DEN,NBA,81,81,2472,23.1,.608,.528,7.7,18.3,13.2,9.8,1.2,1.1,10.0,26.0,123,113,9.0,0.8,9.8,.190,.527,.667,.834
33,Dan Issel *,1980-81,32,DEN,NBA,80,,2641,21.7,.575,.504,8.6,17.7,13.1,8.4,1.4,1.0,7.9,23.2,121,109,8.9,1.6,10.5,.190,.503,.167,.759
34,Dan Issel *,1979-80,31,DEN,NBA,82,,2938,22.2,.571,.506,8.2,17.5,12.7,10.7,1.4,1.0,8.7,25.0,118,107,9.2,2.3,11.5,.188,.505,.333,.775
35,Clyde Lovellette *,1957-58,28,CIN,NBA,71,,2589,22.2,.483,.441,,,,,,,,,,,6.6,3.4,10.1,.187,.441,,.743
36,Larry Foust,1953-54,25,FTW,NBA,72,,2693,22.8,.483,.409,,,,,,,,,,,6.5,3.9,10.4,.186,.409,,.712
37,Dan Issel *,1977-78,29,DEN,NBA,82,,2851,21.5,.571,.512,9.5,20.1,14.9,16.1,1.6,0.7,14.5,23.9,111,100,7.9,3.1,11.1,.186,.512,,.782
38,Moses Malone *,1979-80,24,HOU,NBA,82,,3140,24.1,.560,.502,19.6,22.3,20.9,7.1,1.2,1.9,13.7,27.6,114,106,8.9,3.0,11.9,.183,.502,.000,.719
39,Jack Sikma,1982-83,27,SEA,NBA,75,71,2564,19.6,.546,.464,9.3,25.7,17.8,12.6,1.6,1.3,13.2,22.5,111,99,5.2,4.6,9.8,.183,.464,.000,.837
40,Moses Malone *,1986-87,31,WSB,NBA,73,70,2488,23.8,.545,.454,14.2,21.0,17.6,7.9,1.1,2.1,11.1,29.3,114,106,6.0,3.4,9.4,.182,.454,.000,.824
41,Patrick Ewing *,1988-89,26,NYK,NBA,80,80,2896,22.1,.607,.567,8.0,20.7,14.2,9.5,1.9,5.6,15.1,23.6,115,103,6.2,4.7,10.9,.181,.567,.000,.746
42,Jim Fox,1970-71,27,CHI,NBA,82,,1628,19.5,.531,.458,,,17.4,17.1,,,,,,,3.1,3.0,6.1,.181,.458,,.745
43,Alvan Adams,1980-81,26,PHO,NBA,75,,2054,20.3,.567,.526,8.6,20.5,14.7,24.5,2.4,1.9,18.7,23.0,108,96,3.3,4.5,7.7,.180,.526,,.768
44,Dwight Howard,2011-12,26,ORL,NBA,54,54,2070,24.2,.569,.573,11.0,33.1,21.9,9.8,2.1,4.4,15.2,26.1,106,96,3.3,4.4,7.7,.179,.573,.000,.491
45,Tom Owens,1978-79,29,POR,NBA,82,,2791,19.9,.597,.548,10.3,19.2,14.7,15.9,1.0,1.2,16.3,21.5,115,104,7.4,3.0,10.4,.179,.548,,.794
46,Willis Reed *,1970-71,28,NYK,NBA,73,,2855,19.3,.510,.462,,,16.0,7.4,,,,,,,4.1,6.5,10.6,.179,.462,,.785
47,Moses Malone *,1988-89,33,ATL,NBA,81,80,2878,21.2,.581,.491,14.4,21.9,18.1,5.8,1.3,2.1,14.8,23.4,116,105,6.8,3.9,10.7,.178,.491,.000,.789
48,Bob McAdoo *,1975-76,24,BUF,NBA,78,,3328,23.3,.542,.487,7.8,22.0,15.1,15.7,1.2,2.5,,,,96,7.7,4.6,12.3,.178,.487,,.762
49,Marcus Camby,1998-99,24,NYK,NBA,46,0,945,17.6,.537,.521,13.2,18.2,15.8,2.4,1.7,6.1,11.3,17.5,108,93,1.4,2.0,3.5,.176,.521,,.553
50,Moses Malone *,1983-84,28,PHI,NBA,71,71,2613,21.8,.566,.483,15.7,25.3,20.6,5.7,1.3,2.4,15.0,26.4,111,102,5.0,4.6,9.5,.175,.483,.000,.750
51,Wes Unseld *,1968-69,22,BAL,NBA,82,,2970,18.1,.515,.476,,,,8.8,,,,,,,3.8,7.0,10.8,.175,.476,,.605
52,Wes Unseld *,1974-75,28,WSB,NBA,73,,2904,15.0,.538,.502,11.0,26.2,18.6,12.7,1.8,1.3,,,,88,4.0,6.6,10.6,.175,.502,,.685
53,Wes Unseld *,1978-79,32,WSB,NBA,77,,2406,17.8,.599,.577,11.7,23.2,17.5,15.9,1.3,0.8,18.2,13.6,118,101,5.3,3.5,8.7,.174,.577,,.643
54,Dave Cowens *,1974-75,26,BOS,NBA,65,,2632,19.3,.509,.475,8.7,27.3,18.1,16.3,1.5,1.4,,,,91,4.3,5.2,9.5,.173,.475,,.783
55,Clyde Lovellette *,1954-55,25,MNL,NBA,70,,2361,21.0,.479,.435,,,,,,,,,,,4.9,3.6,8.5,.173,.435,,.686
56,Marcin Gortat,2011-12,27,PHO,NBA,66,66,2114,21.2,.578,.555,10.0,25.0,17.6,4.8,1.2,3.4,9.3,20.8,115,103,4.9,2.7,7.6,.172,.555,.000,.649
57,Dan Issel *,1978-79,30,DEN,NBA,81,,2742,18.3,.568,.517,9.2,18.8,14.0,13.3,1.0,0.9,12.3,19.5,116,103,6.7,3.1,9.8,.172,.517,,.754
58,Rich Kelley,1975-76,22,NOJ,NBA,75,,1346,19.3,.562,.485,14.1,25.0,19.5,16.3,1.7,2.4,,,,93,2.4,2.4,4.8,.171,.485,,.776
59,Patrick Ewing *,1992-93,30,NYK,NBA,81,81,3003,20.8,.546,.503,7.3,28.4,18.2,9.2,1.3,3.6,12.9,29.7,105,94,2.6,8.1,10.6,.170,.503,.143,.719
60,Jeff Ruland,1981-82,23,WSB,NBA,82,0,2214,18.8,.623,.561,12.7,24.7,18.8,9.1,1.0,1.5,20.0,22.4,111,100,3.7,4.1,7.8,.170,.561,.333,.752
61,Tom Owens,1977-78,28,POR,NBA,82,,1714,17.4,.546,.490,12.1,20.6,16.4,13.0,0.9,1.2,16.6,21.1,107,97,3.4,2.6,6.0,.169,.490,,.741
62,Jeff Ruland,1982-83,24,WSB,NBA,79,47,2862,19.4,.595,.552,11.2,22.6,16.8,12.9,1.2,1.5,18.7,23.0,107,98,4.6,5.5,10.1,.169,.552,.333,.689
63,Dave Cowens *,1972-73,24,BOS,NBA,82,,3425,18.1,.481,.452,,,17.5,13.0,,,,,,,2.1,9.9,12.0,.168,.452,,.779
64,Moses Malone *,1976-77,21,TOT,NBA,82,,2506,19.8,.540,.480,19.8,26.7,23.4,4.8,1.3,3.9,,,,97,5.4,3.3,8.7,.167,.480,,.693
65,Willis Reed *,1967-68,25,NYK,NBA,81,,2879,19.5,.537,.490,,,,7.9,,,,,,,6.5,3.5,10.0,.167,.490,,.721
66,Billy Paultz,1977-78,29,SAS,NBA,80,,2479,19.8,.568,.529,7.6,20.4,14.3,11.5,0.7,3.8,13.0,20.0,111,100,5.6,3.0,8.6,.166,.529,,.752
67,Jack Sikma,1984-85,29,SEA,NBA,68,68,2402,20.4,.564,.490,7.9,27.0,17.4,18.6,1.7,2.2,12.5,22.2,114,104,4.6,3.7,8.3,.166,.489,.200,.852
68,Wes Unseld *,1970-71,24,BAL,NBA,74,,2904,17.9,.535,.501,,,19.0,12.9,,,,,,,4.1,5.9,10.0,.166,.501,,.657
69,Wes Unseld *,1972-73,26,BAL,NBA,79,,3085,18.1,.523,.493,,,19.1,14.2,,,,,,,3.9,6.8,10.7,.166,.493,,.703
70,Dave Cowens *,1975-76,27,BOS,NBA,78,,3101,18.9,.508,.468,10.6,29.0,19.8,15.1,1.4,1.2,,,,92,5.0,5.6,10.7,.165,.468,,.756
71,Dan Issel *,1982-83,34,DEN,NBA,80,80,2431,21.6,.573,.512,6.3,18.6,12.4,12.6,1.5,0.9,10.4,25.5,115,108,6.8,1.5,8.4,.165,.510,.211,.835
72,Bob McAdoo *,1977-78,26,NYK,NBA,79,,3182,22.0,.567,.520,7.8,24.7,16.4,13.4,1.4,2.0,15.8,26.1,106,99,6.9,4.0,10.9,.165,.520,,.727
73,Tony Battie,2001-02,25,BOS,NBA,74,73,1819,14.5,.570,.541,10.8,18.4,14.5,3.2,1.7,2.9,10.2,12.5,118,99,3.2,3.0,6.2,.164,.541,.000,.677
74,Bob McAdoo *,1976-77,25,TOT,NBA,72,,2798,21.8,.557,.512,7.5,26.6,17.2,11.5,1.2,1.8,,,,97,5.8,3.8,9.6,.164,.512,,.738
75,Wes Unseld *,1969-70,23,BAL,NBA,82,,3234,17.8,.551,.518,,,,10.9,,,,,,,5.1,6.0,11.1,.164,.518,,.638
76,Patrick Ewing *,1996-97,34,NYK,NBA,78,78,2887,21.3,.548,.489,7.5,26.4,17.3,10.8,1.3,5.3,14.4,29.8,104,96,2.9,6.9,9.8,.163,.488,.222,.754
77,Moses Malone *,1987-88,32,WSB,NBA,79,78,2692,21.1,.577,.488,15.3,21.5,18.3,6.4,1.1,1.6,15.2,25.2,113,106,5.7,3.4,9.2,.163,.487,.286,.788
78,Roy Tarpley,1987-88,23,DAL,NBA,81,9,2307,19.5,.541,.500,17.3,27.8,22.6,5.6,2.2,2.1,14.6,21.2,111,101,3.5,4.4,7.8,.163,.500,.000,.740
79,Mark West,1989-90,29,PHO,NBA,82,79,2399,15.7,.656,.625,10.4,22.2,16.6,2.5,0.7,4.3,16.1,13.5,121,103,4.2,4.0,8.2,.163,.625,,.691
80,Dave Cowens *,1977-78,29,BOS,NBA,77,,3215,18.6,.533,.490,8.0,25.6,17.0,15.7,1.4,1.1,13.9,18.8,108,97,6.1,4.8,10.8,.162,.490,,.842
81,Mark West,1990-91,30,PHO,NBA,82,64,1957,14.6,.665,.647,10.1,20.9,15.7,2.4,0.8,4.7,15.4,11.6,124,103,3.4,3.1,6.5,.160,.647,,.655
82,Theo Ratliff,1998-99,25,PHI,NBA,50,50,1627,16.9,.539,.470,9.7,19.6,14.5,3.3,1.5,7.3,15.0,17.1,106,94,2.1,3.3,5.4,.159,.470,,.725
83,Connie Simmons,1952-53,27,NYK,NBA,65,,1707,18.9,.463,.377,,,,,,,,,,,3.0,2.7,5.7,.159,.377,,.732
84,Ed Macauley *,1955-56,27,BOS,NBA,71,,2354,18.3,.510,.422,,,,,,,,,,,6.2,1.6,7.8,.158,.422,,.794
85,Patrick Ewing *,1994-95,32,NYK,NBA,79,79,2920,21.9,.555,.505,6.6,27.5,17.4,14.4,1.2,4.1,13.1,30.7,106,98,3.1,6.5,9.6,.157,.503,.286,.750
86,Red Kerr,1958-59,26,SYR,NBA,72,,2671,19.4,.494,.441,,,,,,,,,,,5.2,3.6,8.7,.157,.441,,.766
87,Red Kerr,1954-55,22,SYR,NBA,72,,1529,18.2,.462,.419,,,,,,,,,,,2.0,3.0,5.0,.157,.419,,.682
88,Clyde Lovellette *,1956-57,27,MNL,NBA,69,,2492,21.9,.471,.426,,,,,,,,,,,5.0,3.2,8.2,.157,.426,,.717
89,Ed Macauley *,1957-58,29,STL,NBA,72,,1908,18.4,.489,.428,,,,,,,,,,,4.5,1.8,6.3,.157,.428,,.724
90,Ed Macauley *,1954-55,26,BOS,NBA,71,,2706,18.6,.522,.424,,,,,,,,,,,7.5,1.4,8.9,.157,.424,,.792
91,Moses Malone *,1985-86,30,PHI,NBA,74,74,2706,20.6,.553,.458,14.0,22.0,18.0,5.1,1.2,1.5,14.1,27.6,111,106,5.5,3.4,8.9,.157,.458,.000,.787
92,Arnie Risen *,1953-54,29,ROC,NBA,72,,2385,18.3,.447,.368,,,,,,,,,,,3.0,4.8,7.8,.157,.368,,.714
93,Bill Walton *,1985-86,33,BOS,NBA,80,2,1546,17.0,.606,.562,10.4,27.3,19.4,13.6,1.2,3.8,23.2,17.3,108,97,1.6,3.4,5.0,.157,.562,,.713
94,Dave Cowens *,1971-72,23,BOS,NBA,79,,3186,17.1,.509,.484,,,17.2,10.1,,,,,,,3.5,6.9,10.4,.156,.484,,.720
95,Jack Sikma,1983-84,28,SEA,NBA,82,82,2993,19.7,.572,.499,8.6,25.9,17.3,16.0,1.5,1.7,14.7,22.2,112,104,5.3,4.4,9.7,.156,.499,.000,.856
96,Wes Unseld *,1975-76,29,WSB,NBA,78,,2922,16.2,.574,.561,10.0,26.3,18.4,18.5,1.3,1.1,,,,93,4.3,5.2,9.5,.156,.561,,.585
97,Alvan Adams,1979-80,25,PHO,NBA,75,,2168,19.2,.571,.531,8.2,22.4,15.4,21.6,2.3,1.4,18.2,21.9,107,99,3.1,3.9,7.0,.155,.531,.000,.797
98,Marcus Camby,2006-07,32,DEN,NBA,70,70,2369,19.1,.519,.473,7.9,30.5,19.4,14.1,1.8,7.0,13.9,15.9,109,97,2.5,5.1,7.6,.155,.473,.000,.729
99,Patrick Ewing *,1990-91,28,NYK,NBA,81,81,3104,23.7,.561,.514,7.4,25.7,16.8,14.1,1.3,5.0,13.2,31.1,107,101,4.4,5.6,10.0,.155,.514,.000,.745
100,Steve Hawes,1979-80,29,ATL,NBA,82,,1853,16.2,.555,.505,8.5,20.3,14.4,11.8,1.9,0.9,15.0,17.8,111,100,2.9,3.1,6.0,.155,.502,.375,.824
101,Clyde Lovellette *,1955-56,26,MNL,NBA,71,,2518,23.5,.484,.434,,,,,,,,,,,5.6,2.5,8.1,.155,.434,,.721
102,Alvan Adams,1978-79,24,PHO,NBA,77,,2364,20.4,.570,.530,10.5,22.4,16.6,20.8,2.1,1.4,18.9,24.1,106,100,3.9,3.7,7.6,.154,.530,,.799
103,Marcus Camby,2003-04,29,DEN,NBA,72,72,2162,17.8,.511,.477,10.9,27.4,19.0,9.6,2.0,6.1,13.9,14.3,108,95,2.6,4.3,6.9,.154,.477,.000,.721
104,Patrick Ewing *,1987-88,25,NYK,NBA,82,82,2546,21.9,.594,.555,10.7,20.0,15.2,8.3,2.0,6.0,17.1,26.8,108,101,3.4,4.7,8.1,.154,.555,.000,.716
105,Dwight Howard,2006-07,21,ORL,NBA,82,82,3023,21.1,.619,.603,11.8,28.9,20.5,9.5,1.2,4.2,21.4,22.7,107,99,3.9,5.8,9.7,.154,.603,.500,.586
106,Ed Macauley *,1956-57,28,STL,NBA,72,,2582,16.8,.496,.419,,,,,,,,,,,6.1,2.2,8.3,.154,.419,,.749
107,Dave Robisch,1979-80,30,CLE,NBA,82,,2670,17.2,.578,.520,8.5,17.9,13.0,9.3,0.9,1.1,11.3,17.6,119,107,6.3,2.3,8.6,.154,.520,.000,.842
108,Jack Sikma,1987-88,32,MIL,NBA,82,82,2923,17.4,.558,.487,7.5,19.8,13.7,14.1,1.6,1.6,11.5,19.7,115,105,5.4,3.9,9.4,.154,.486,.214,.922
109,Alvan Adams,1984-85,30,PHO,NBA,82,69,2136,19.8,.578,.520,8.2,18.1,13.3,21.8,2.5,1.3,15.9,23.6,111,104,3.5,3.3,6.8,.152,.520,,.883
110,Marcin Gortat,2010-11,26,TOT,NBA,80,14,2032,17.8,.594,.561,8.5,27.4,18.0,5.5,0.9,3.3,10.5,17.1,117,105,3.7,2.7,6.4,.152,.561,.250,.725
111,Rich Kelley,1978-79,25,NOJ,NBA,80,,2705,19.9,.585,.506,11.3,25.3,18.5,14.4,2.1,3.0,21.2,19.2,108,99,4.1,4.5,8.6,.152,.506,,.814
112,Marcin Gortat,2009-10,25,ORL,NBA,81,0,1088,13.9,.563,.533,11.5,24.3,18.1,2.4,0.8,4.8,15.0,13.0,113,99,1.2,2.2,3.4,.151,.533,.000,.680
113,Jack Sikma,1988-89,33,MIL,NBA,80,80,2587,15.8,.554,.480,6.2,21.9,13.9,15.5,1.6,1.5,13.1,17.8,115,105,4.5,3.7,8.1,.151,.431,.380,.905
114,Marcus Camby,2007-08,33,DEN,NBA,79,79,2758,17.2,.498,.455,9.2,31.1,20.3,12.9,1.5,7.3,14.0,13.0,110,98,2.6,5.9,8.5,.148,.450,.300,.708
115,Larry Foust,1956-57,28,FTW,NBA,61,,1533,19.2,.484,.394,,,,,,,,,,,3.4,1.3,4.7,.148,.394,,.718
116,Moses Malone *,1991-92,36,MIL,NBA,82,77,2511,19.2,.556,.475,14.0,20.1,16.9,5.6,1.5,1.6,11.5,21.7,117,110,5.6,2.2,7.8,.148,.474,.375,.786
117,Red Rocha,1951-52,28,SYR,NBA,66,,2543,15.2,.478,.401,,,,,,,,,,,4.6,3.2,7.8,.148,.401,,.770
118,Jack Sikma,1979-80,24,SEA,NBA,82,,2793,16.5,.526,.475,7.4,26.9,17.1,13.7,1.1,1.5,15.3,18.6,107,98,3.3,5.3,8.6,.148,.475,.000,.805
119,Emeka Okafor,2006-07,24,CHA,NBA,67,65,2329,20.1,.554,.532,12.7,26.2,19.2,6.0,1.3,5.7,11.3,19.1,111,102,3.5,3.6,7.1,.147,.532,,.593
120,Emeka Okafor,2008-09,26,CHA,NBA,82,81,2691,18.0,.581,.561,12.7,25.2,19.0,3.5,1.0,4.2,13.4,18.9,112,103,3.7,4.6,8.2,.147,.561,,.593
121,Danny Schayes,1990-91,31,MIL,NBA,82,38,2228,14.8,.587,.499,9.1,19.7,14.3,6.2,1.2,1.8,12.5,16.3,119,107,4.3,2.6,6.8,.147,.499,.000,.835
122,Jim Fox,1973-74,30,SEA,NBA,78,,2179,16.3,.552,.478,10.4,22.0,15.9,13.7,1.1,0.5,,,,98,4.4,2.2,6.6,.146,.478,,.823
123,Dwight Howard,2012-13,27,LAL,NBA,21,21,765,20.8,.575,.588,11.1,24.3,17.9,9.2,1.5,5.5,17.0,23.4,106,100,1.0,1.3,2.3,.146,.586,.500,.477
124,Rich Kelley,1977-78,24,NOJ,NBA,82,,2119,17.8,.571,.505,11.5,22.8,17.2,14.5,1.9,3.0,23.6,17.1,104,95,2.8,3.7,6.4,.146,.505,,.779
125,Alvan Adams,1981-82,27,PHO,NBA,79,75,2393,18.6,.529,.494,6.6,20.2,13.6,22.1,2.3,1.9,14.8,22.8,106,99,2.5,4.7,7.2,.144,.494,.000,.781
126,Red Kerr,1962-63,30,SYR,NBA,80,,2561,18.6,.519,.474,,,,,,,,,,,4.1,3.6,7.7,.144,.474,,.753
127,Alton Lister,1985-86,27,MIL,NBA,81,19,1812,16.4,.573,.551,12.4,23.9,18.2,7.6,1.3,4.6,18.8,18.9,106,98,1.6,3.8,5.5,.144,.551,.000,.602
128,Theo Ratliff,1996-97,23,DET,NBA,76,38,1292,15.9,.566,.531,10.7,13.9,12.3,1.8,1.3,7.1,12.6,17.0,111,102,1.8,2.1,3.9,.144,.531,,.698
129,Jeff Ruland,1983-84,25,WSB,NBA,75,75,3082,19.6,.633,.579,10.0,24.8,17.4,14.9,1.1,1.3,20.6,23.0,111,105,5.0,4.3,9.3,.144,.579,.143,.733
130,Jack Sikma,1978-79,23,SEA,NBA,82,,2958,16.3,.529,.460,8.2,27.8,18.0,12.2,1.3,1.2,17.3,19.4,104,97,3.1,5.7,8.8,.143,.460,,.814
131,Marcus Camby,2009-10,35,TOT,NBA,74,74,2314,17.9,.501,.477,12.7,31.9,22.2,12.3,2.2,4.8,14.1,12.8,112,101,2.5,4.3,6.8,.142,.475,.286,.639
132,Jim Davis,1972-73,31,DET,NBA,73,,771,16.1,.544,.510,,,16.5,9.6,,,,,,,1.5,0.8,2.3,.142,.510,,.632
133,Tom Owens,1979-80,30,POR,NBA,76,,2337,18.1,.552,.514,8.8,18.3,13.5,13.0,0.9,1.3,13.3,22.9,110,104,4.3,2.6,6.9,.142,.514,.500,.753
134,James Edwards,1980-81,25,IND,NBA,81,,2375,18.2,.547,.509,8.5,18.0,13.1,13.3,0.6,3.1,12.4,22.3,111,105,4.4,2.6,7.0,.141,.509,.000,.703
135,Dan Issel *,1983-84,35,DEN,NBA,76,66,2076,21.1,.561,.495,5.5,20.8,13.0,11.6,1.3,1.1,8.3,26.6,114,111,4.8,1.3,6.1,.141,.493,.211,.850
136,Eddie Miller,1953-54,22,BLB,NBA,72,,1657,21.4,.486,.407,,,,,,,,,,,4.2,0.6,4.9,.141,.407,,.729
137,Theo Ratliff,1995-96,22,DET,NBA,75,2,1305,14.0,.603,.557,10.6,16.7,13.8,1.6,0.7,7.1,16.5,12.4,115,102,1.6,2.2,3.8,.141,.557,.000,.708
138,Danny Schayes,1988-89,29,DEN,NBA,76,64,1918,15.4,.618,.525,7.2,20.3,13.4,6.9,1.0,2.4,17.0,18.8,114,106,3.2,2.4,5.6,.141,.522,.333,.826
139,Jack Sikma,1986-87,31,MIL,NBA,82,82,2536,16.0,.533,.463,9.0,27.3,18.0,11.1,1.7,2.2,14.0,18.4,109,101,2.7,4.7,7.4,.141,.463,.000,.847
140,James Edwards,1979-80,24,IND,NBA,82,,2314,17.6,.545,.512,7.8,18.4,12.9,8.0,1.1,2.4,10.0,22.0,112,105,4.4,2.4,6.7,.140,.512,.000,.681
141,Moses Malone *,1990-91,35,ATL,NBA,82,15,1912,18.2,.570,.468,15.0,23.4,19.1,5.1,0.8,2.3,15.2,19.4,116,109,3.8,1.8,5.6,.140,.468,.000,.831
142,Nate Thurmond *,1972-73,31,GSW,NBA,79,,3419,17.3,.499,.446,,,18.0,10.4,,,,,,,3.2,6.7,9.9,.140,.446,,.718
143,Tony Battie,1998-99,22,BOS,NBA,50,15,1121,15.5,.541,.519,9.4,21.1,15.0,7.7,1.4,4.6,12.7,14.1,110,99,1.7,1.6,3.3,.139,.519,.000,.672
144,Mel Counts,1967-68,26,LAL,NBA,82,,1739,18.4,.521,.475,,,,10.8,,,,,,,3.0,2.0,5.0,.139,.475,,.748
145,Larry Foust,1957-58,29,MNL,NBA,72,,2200,20.0,.491,.398,,,,,,,,,,,5.3,1.0,6.4,.139,.398,,.756
146,Moses Malone *,1977-78,22,HOU,NBA,59,,2107,21.2,.559,.499,18.6,26.2,22.3,2.1,1.1,1.9,17.7,23.5,106,103,4.4,1.7,6.1,.139,.499,,.718
147,Rick Robey,1979-80,24,BOS,NBA,82,27,1918,15.4,.557,.521,12.3,18.4,15.4,6.7,1.3,0.4,15.2,20.6,109,102,2.8,2.7,5.5,.139,.521,.000,.684
148,Marcus Camby,2004-05,30,DEN,NBA,66,66,2015,18.0,.505,.465,7.5,30.1,18.9,12.0,1.6,7.4,13.2,17.2,103,96,1.2,4.5,5.8,.138,.465,.000,.723
149,George Johnson,1975-76,27,GSW,NBA,82,,1745,13.2,.517,.484,11.1,23.1,17.2,5.6,1.3,5.1,,,,90,1.3,3.8,5.0,.138,.484,,.673
150,Rich Kelley,1976-77,23,NOJ,NBA,76,,1505,17.6,.554,.477,13.7,23.9,18.9,18.5,1.3,2.1,,,,95,1.9,2.4,4.3,.138,.477,,.792
151,Mel Counts,1965-66,24,BOS,NBA,67,,1021,16.4,.459,.403,,,,7.1,,,,,,,0.3,2.6,2.9,.137,.403,,.828
152,Dwight Howard,2005-06,20,ORL,NBA,82,81,3021,19.3,.565,.531,12.1,29.2,20.9,7.2,1.2,3.0,15.9,21.3,108,103,4.2,4.4,8.6,.137,.531,.000,.595
153,Steve Johnson,1982-83,25,KCK,NBA,79,21,1544,18.1,.629,.624,9.8,18.1,13.9,8.8,1.2,3.0,19.6,22.8,108,103,2.5,1.9,4.4,.137,.624,,.574
154,Arnie Risen *,1951-52,27,ROC,NBA,66,,2396,20.6,.463,.394,,,,,,,,,,,4.4,2.5,6.8,.137,.394,,.701
155,Red Kerr,1961-62,29,SYR,NBA,80,,2767,17.4,.482,.443,,,,,,,,,,,2.9,4.9,7.8,.136,.443,,.735
156,Kevin Kunnert,1974-75,23,HOU,NBA,75,,1801,17.7,.538,.512,13.2,25.9,19.6,8.8,0.9,2.6,,,,97,3.0,2.1,5.1,.136,.512,,.686
157,Emeka Okafor,2010-11,28,NOH,NBA,72,72,2287,16.0,.584,.573,12.2,24.3,18.2,3.0,0.9,4.6,15.7,15.8,111,102,2.7,3.8,6.5,.136,.573,.000,.562
158,Wes Unseld *,1979-80,33,WSB,NBA,82,,2973,15.4,.545,.514,11.2,25.9,18.5,15.6,1.0,1.1,17.3,11.7,114,103,4.3,4.1,8.4,.135,.513,.500,.665
159,Alvan Adams,1976-77,22,PHO,NBA,72,,2278,20.2,.519,.474,8.5,22.3,15.4,22.3,1.9,2.1,,,,94,2.3,4.0,6.3,.134,.474,,.754
160,Dave Cowens *,1973-74,25,BOS,NBA,80,,3352,16.6,.476,.437,7.8,27.9,18.1,14.6,1.2,1.5,,,,91,2.6,6.7,9.3,.134,.437,,.832
161,Jim Davis,1968-69,27,ATL,NBA,78,,1367,17.3,.511,.467,,,,9.9,,,,,,,2.2,1.6,3.8,.134,.467,,.667
162,Bob Houbregs *,1956-57,24,FTW,NBA,60,,1592,17.6,.489,.432,,,,,,,,,,,3.3,1.2,4.5,.134,.432,,.714
163,Moses Malone *,1989-90,34,ATL,NBA,81,81,2735,20.2,.564,.481,15.0,19.4,17.1,7.0,0.9,1.9,14.6,24.3,114,112,6.0,1.7,7.7,.134,.480,.111,.781
164,Willis Reed *,1966-67,24,NYK,NBA,78,,2824,19.7,.538,.489,,,,6.3,,,,,,,6.5,1.3,7.9,.134,.489,,.735
165,Danny Schayes,1985-86,26,DEN,NBA,80,13,1654,13.4,.585,.502,9.3,18.8,13.9,5.9,1.1,2.1,15.7,15.5,114,105,2.4,2.2,4.6,.134,.502,.000,.777
166,Jack Sikma,1985-86,30,SEA,NBA,80,78,2790,17.6,.535,.462,6.0,26.2,15.9,16.5,1.6,1.6,14.3,22.4,108,103,3.4,4.4,7.8,.134,.462,.000,.864
167,Coby Dietrick,1978-79,30,SAS,NBA,76,,1487,13.9,.560,.523,6.5,15.5,11.1,15.7,2.1,1.3,17.2,13.6,111,101,2.1,2.0,4.1,.133,.523,,.798
168,James Edwards,1978-79,23,IND,NBA,82,,2546,16.9,.542,.501,7.2,20.8,14.0,5.2,1.1,2.2,11.4,21.8,107,102,3.9,3.2,7.1,.133,.501,,.676
169,Jim Fox,1969-70,26,PHO,NBA,81,,2041,15.6,.572,.524,,,,6.3,,,,,,,4.7,0.9,5.6,.133,.524,,.770
170,Theo Ratliff,1997-98,24,TOT,NBA,82,67,2447,16.2,.561,.513,10.4,15.6,12.9,3.9,1.1,7.9,13.9,15.5,111,102,3.4,3.4,6.7,.132,.513,,.701
171,Jack Sikma,1980-81,25,SEA,NBA,82,,2920,18.0,.512,.454,7.1,24.6,16.0,13.2,1.3,1.7,11.9,23.6,106,101,3.5,4.5,8.0,.132,.454,.000,.823
172,Larry Foust,1952-53,24,FTW,NBA,67,,2303,20.5,.448,.360,,,,,,,,,,,2.9,3.4,6.3,.131,.360,,.723
173,Dwight Howard,2004-05,19,ORL,NBA,82,82,2670,17.2,.571,.520,12.2,22.2,17.3,4.4,1.5,3.6,16.1,16.7,111,104,3.8,3.5,7.3,.131,.520,.000,.671
174,Mark West,1988-89,28,PHO,NBA,82,32,2019,12.9,.644,.653,9.2,19.4,14.5,2.3,0.8,5.1,18.3,11.1,115,103,2.2,3.3,5.5,.131,.653,,.535
175,Mark West,1991-92,31,PHO,NBA,82,11,1436,12.5,.650,.632,10.8,17.4,14.2,2.0,0.5,3.2,17.5,13.5,117,106,2.1,1.8,3.9,.131,.632,,.637
176,Alvan Adams,1975-76,21,PHO,NBA,80,,2656,21.7,.507,.469,8.9,20.7,14.9,27.2,2.1,2.4,,,,95,3.3,3.9,7.2,.130,.469,,.735
177,Larry Foust,1951-52,23,FTW,NBA,66,,2615,21.2,.450,.394,,,,,,,,,,,3.9,3.2,7.1,.130,.394,,.678
178,Wes Unseld *,1980-81,34,WSB,NBA,63,,2032,13.5,.543,.527,10.6,24.3,17.4,10.6,1.2,1.0,17.2,11.1,111,100,2.1,3.4,5.5,.130,.524,.500,.640
179,Alvan Adams,1982-83,28,PHO,NBA,80,75,2447,16.8,.527,.487,7.6,16.7,12.4,21.8,2.2,1.7,18.4,22.0,102,98,2.0,4.5,6.5,.128,.486,.333,.829
180,Mike Brown,1989-90,26,UTA,NBA,82,0,1397,12.8,.593,.516,10.0,20.7,15.7,4.7,1.1,1.2,16.9,16.2,112,105,1.7,2.0,3.7,.128,.515,.500,.789
181,Wayne Cooper,1988-89,32,DEN,NBA,79,72,1864,13.6,.530,.497,11.1,23.8,17.1,5.0,0.9,6.4,13.0,11.6,113,102,1.9,3.1,5.0,.128,.495,.250,.745
182,Steve Johnson,1985-86,28,SAS,NBA,71,55,1828,16.8,.667,.632,9.2,19.4,14.4,7.3,1.1,2.0,20.6,20.4,112,107,3.0,1.9,4.9,.128,.632,,.694
183,Nate Thurmond *,1971-72,30,GSW,NBA,78,,3362,18.7,.492,.432,,,16.6,9.8,,,,,,,2.6,6.4,9.0,.128,.432,,.743
184,Marcus Camby,2011-12,37,TOT,NBA,59,53,1352,16.2,.455,.449,13.3,32.7,22.8,11.9,1.9,4.8,15.3,12.6,105,98,1.1,2.5,3.6,.127,.446,.400,.453
185,Steve Hawes,1977-78,27,ATL,NBA,75,,2325,16.1,.500,.453,8.2,24.7,16.2,12.1,1.6,1.5,13.5,19.0,102,97,2.7,3.5,6.1,.127,.453,,.818
186,Bob Rule,1967-68,23,SEA,NBA,82,,2424,17.4,.532,.489,,,,5.7,,,,,,,5.1,1.4,6.4,.127,.489,,.658
187,Zaid Abdul-Aziz,1973-74,27,HOU,NBA,79,,2459,15.9,.516,.459,11.4,28.6,20.1,8.9,1.5,2.3,,,,96,3.3,3.2,6.5,.126,.459,,.804
188,Jim Fox,1972-73,29,SEA,NBA,74,,2439,16.0,.580,.515,,,16.1,9.7,,,,,,,5.2,1.2,6.4,.126,.515,,.808
189,Olden Polynice,1994-95,30,SAC,NBA,81,81,2534,14.7,.565,.545,13.0,20.2,16.7,4.0,1.0,1.5,12.7,15.6,114,106,3.3,3.4,6.7,.126,.544,1.000,.639
190,Red Rocha,1952-53,29,SYR,NBA,69,,2454,14.4,.466,.388,,,,,,,,,,,3.3,3.2,6.5,.126,.388,,.755
191,Mychal Thompson,1988-89,34,LAL,NBA,80,8,1994,13.3,.593,.559,9.4,16.2,13.1,3.2,1.4,1.7,13.5,14.9,115,106,2.8,2.4,5.2,.126,.559,.000,.678
192,Bob McAdoo *,1978-79,27,TOT,NBA,60,,2231,20.4,.561,.529,6.3,19.1,12.7,11.5,1.5,1.6,14.1,27.1,105,104,3.5,2.3,5.8,.125,.529,,.656
193,Tom Owens,1980-81,31,POR,NBA,79,,1843,15.1,.564,.511,9.7,17.2,13.5,9.9,0.9,1.4,14.9,18.7,111,106,3.1,1.8,4.8,.125,.511,.000,.764
194,Mychal Thompson,1983-84,29,POR,NBA,79,74,2648,17.9,.561,.524,10.2,20.8,15.4,15.9,1.5,2.4,17.5,20.4,110,106,3.6,3.3,6.9,.125,.524,.000,.667
195,Mychal Thompson,1981-82,27,POR,NBA,79,78,3129,19.2,.548,.523,9.3,23.4,16.4,14.6,1.1,1.9,14.0,22.9,109,106,4.5,3.6,8.2,.125,.523,,.628
196,Nate Thurmond *,1966-67,25,SFW,NBA,65,,2761,17.4,.480,.437,,,,7.5,,,,,,,1.7,5.6,7.2,.125,.437,,.629
197,Wes Unseld *,1971-72,25,BAL,NBA,76,,3171,16.7,.525,.498,,,19.8,11.6,,,,,,,3.4,4.9,8.3,.125,.498,,.629
198,Larry Foust,1960-61,32,STL,NBA,68,,1208,13.7,.475,.397,,,,,,,,,,,1.3,1.8,3.1,.124,.397,,.788
199,Jim Fox,1974-75,31,SEA,NBA,75,,1766,14.7,.534,.469,7.4,21.1,14.2,10.6,1.2,0.5,,,,97,2.6,2.0,4.6,.124,.469,,.802
200,Dan Issel *,1984-85,36,DEN,NBA,77,9,1684,16.9,.528,.460,4.8,17.0,10.5,10.7,1.7,1.0,9.1,23.0,111,108,2.7,1.7,4.3,.124,.459,.143,.806
201,Bill McGill,1963-64,24,TOT,NBA,74,,1784,18.7,.526,.487,,,,,,,,,,,4.5,0.2,4.6,.124,.487,,.723
202,Alvan Adams,1977-78,23,PHO,NBA,70,,1914,17.7,.528,.485,8.4,22.2,15.2,16.4,1.9,1.7,18.6,24.5,98,95,1.5,3.4,4.9,.123,.485,,.730
203,Sam Bowie,1984-85,23,POR,NBA,76,62,2216,15.7,.578,.537,10.5,22.6,16.6,12.2,1.2,5.0,20.8,14.8,110,103,2.2,3.5,5.7,.123,.537,,.711
204,Jim Chones,1974-75,25,CLE,NBA,72,,2427,16.1,.515,.487,6.8,22.8,14.8,8.1,1.0,2.7,,,,95,2.8,3.5,6.2,.123,.487,,.679
205,Wayne Embry,1961-62,24,CIN,NBA,75,,2623,17.9,.516,.466,,,,,,,,,,,5.4,1.4,6.7,.123,.466,,.690
206,Patrick Ewing *,1998-99,36,NYK,NBA,38,38,1300,19.4,.491,.435,7.0,26.5,17.1,7.0,1.3,6.0,12.9,28.4,95,91,0.2,3.1,3.3,.123,.435,.000,.706
207,Rick Mahorn,1988-89,30,DET,NBA,72,61,1795,12.1,.566,.517,9.3,21.3,15.6,4.4,1.1,2.3,17.4,13.3,109,102,1.5,3.1,4.6,.123,.517,.000,.748
208,Wes Unseld *,1977-78,31,WSB,NBA,80,,2644,14.4,.535,.523,10.6,25.2,17.9,15.3,1.6,0.8,23.4,10.5,106,97,2.8,3.9,6.8,.123,.523,,.538
209,Bob Ferry,1961-62,24,DET,NBA,80,,1918,17.0,.493,.438,,,,,,,,,,,3.1,1.8,4.9,.122,.438,,.678
210,Arnie Risen *,1952-53,28,ROC,NBA,68,,2288,18.2,.446,.368,,,,,,,,,,,2.4,3.4,5.8,.122,.368,,.685
211,Dave Robisch,1976-77,27,IND,NBA,80,,1966,16.5,.515,.455,8.2,19.4,13.7,11.4,1.3,1.0,,,,101,3.2,1.8,5.0,.122,.455,,.832
212,LaSalle Thompson,1983-84,22,KCK,NBA,80,38,1915,16.9,.562,.523,15.2,27.3,21.1,6.3,1.7,4.3,18.6,19.0,106,102,1.5,3.3,4.9,.122,.523,,.717
213,Mel Counts,1970-71,29,PHO,NBA,80,,1669,15.8,.496,.457,,,13.8,12.2,,,,,,,1.7,2.5,4.2,.121,.457,,.753
214,Dave Cowens *,1979-80,31,BOS,NBA,66,55,2159,14.8,.477,.453,6.6,20.7,13.8,13.4,1.5,1.6,9.9,20.1,104,100,1.9,3.6,5.4,.121,.453,.083,.779
215,John Gianelli,1973-74,23,NYK,NBA,70,,1423,13.0,.521,.479,8.2,17.2,12.7,7.4,0.7,1.6,,,,95,1.5,2.1,3.6,.121,.479,,.760
216,George Johnson,1974-75,26,GSW,NBA,82,,1439,14.4,.507,.476,14.6,24.3,19.5,5.6,1.0,4.9,,,,93,1.3,2.3,3.6,.121,.476,,.659
217,Steve Johnson,1981-82,24,KCK,NBA,78,50,1741,17.6,.635,.613,9.5,20.3,14.8,7.7,1.1,3.0,20.0,23.1,108,105,2.2,2.2,4.4,.121,.613,,.642
218,Phil Jordon,1958-59,25,DET,NBA,72,,2058,16.8,.468,.413,,,,,,,,,,,2.8,2.4,5.2,.121,.413,,.762
219,Rich Kelley,1980-81,27,PHO,NBA,81,,1686,14.4,.580,.506,8.7,19.9,14.4,21.1,2.1,2.1,30.0,16.1,101,97,0.7,3.6,4.3,.121,.506,.000,.758
220,Alton Lister,1984-85,26,MIL,NBA,81,80,2091,15.0,.559,.538,11.7,22.6,17.2,8.1,1.1,4.7,20.4,17.5,103,99,1.0,4.3,5.3,.121,.538,.000,.588
221,Bob Rule,1968-69,24,SEA,NBA,82,,3104,18.6,.511,.469,,,,7.1,,,,,,,5.9,1.9,7.8,.121,.469,,.682
222,Danny Schayes,1986-87,27,DEN,NBA,76,41,1556,13.4,.607,.519,7.6,18.7,12.8,6.7,0.6,2.7,15.1,15.5,117,110,2.6,1.3,3.9,.121,.519,,.779
223,Tony Battie,1999-00,23,BOS,NBA,82,4,1505,15.1,.515,.478,10.9,20.6,15.5,6.7,1.6,3.5,11.3,17.1,108,103,2.0,1.7,3.8,.120,.477,.125,.675
224,Jim Chones,1976-77,27,CLE,NBA,82,,2378,14.8,.495,.463,8.6,21.2,14.7,6.4,0.6,1.8,,,,98,2.9,3.0,5.9,.119,.463,,.731
225,Steve Hawes,1980-81,30,ATL,NBA,74,,2309,14.7,.585,.524,8.1,19.9,13.9,10.7,1.5,0.8,17.5,16.5,112,106,3.4,2.3,5.7,.119,.523,.250,.799
226,Brad Lohaus,1991-92,27,MIL,NBA,70,8,1081,15.0,.540,.529,6.6,20.3,13.2,10.0,1.9,4.1,10.8,16.4,113,107,1.4,1.3,2.7,.119,.450,.396,.659
227,Mychal Thompson,1989-90,35,LAL,NBA,70,70,1883,13.4,.542,.500,10.9,17.9,14.5,3.2,0.9,2.3,10.8,16.6,112,107,2.4,2.3,4.7,.119,.500,,.706
228,Wayne Cooper,1983-84,27,POR,NBA,81,38,1662,15.8,.519,.459,12.2,22.0,17.0,6.2,0.7,3.8,12.6,21.2,109,106,2.0,2.0,4.1,.118,.459,.000,.804
229,Steve Hawes,1978-79,28,ATL,NBA,81,,2205,15.0,.523,.492,9.0,20.5,14.5,11.7,1.7,1.2,15.1,17.2,107,102,2.6,2.8,5.4,.118,.492,,.818
230,Red Kerr,1957-58,25,SYR,NBA,72,,2384,17.9,.454,.399,,,,,,,,,,,2.6,3.2,5.8,.118,.399,,.664
231,Olden Polynice,1991-92,27,LAC,NBA,76,65,1834,13.1,.549,.519,11.8,20.8,16.3,3.5,1.2,0.7,12.9,14.9,111,105,1.9,2.6,4.5,.118,.519,.000,.622
232,Olden Polynice,1990-91,26,TOT,NBA,79,30,2092,14.0,.576,.560,11.8,18.3,15.0,2.8,1.0,1.0,11.5,15.1,116,108,3.1,2.0,5.2,.118,.560,.000,.579
233,James Edwards,1989-90,34,DET,NBA,82,70,2283,13.3,.549,.498,5.6,11.6,8.6,4.3,0.5,1.0,10.9,22.9,109,106,2.7,2.9,5.6,.117,.498,.000,.749
234,Steve Hawes,1975-76,25,TOT,NBA,72,,1411,15.1,.532,.494,12.7,23.1,18.0,11.2,1.4,0.9,,,,96,1.6,1.9,3.4,.117,.494,,.725
235,Red Kerr,1956-57,24,SYR,NBA,72,,2191,17.3,.462,.403,,,,,,,,,,,2.7,2.7,5.4,.117,.403,,.719
236,Jon Koncak,1988-89,25,ATL,NBA,74,22,1531,12.0,.540,.524,10.3,22.1,16.1,4.8,1.7,3.8,15.8,10.1,112,103,1.3,2.5,3.7,.117,.524,.000,.553
237,Tod Murphy,1989-90,26,MIN,NBA,82,59,2493,13.0,.530,.486,9.4,18.3,13.6,6.4,1.6,1.6,8.7,12.4,117,107,3.3,2.8,6.1,.117,.471,.372,.709
238,George Ratkovicz,1952-53,30,TOT,NBA,71,,2235,16.1,.433,.336,,,,,,,,,,,1.7,3.8,5.4,.117,.336,,.702
239,Wayne Cooper,1985-86,29,DEN,NBA,78,78,2112,16.3,.509,.467,9.0,21.8,15.1,5.2,0.9,5.9,10.5,20.4,105,102,1.6,3.5,5.1,.116,.466,.429,.795
240,Patrick Ewing *,1995-96,33,NYK,NBA,76,76,2783,20.9,.516,.467,6.9,26.9,17.1,11.2,1.3,5.1,11.8,31.5,100,98,0.6,6.1,6.8,.116,.466,.143,.761
241,Jim Fox,1975-76,32,MIL,NBA,70,,918,12.4,.572,.517,9.6,16.9,13.3,6.0,1.4,0.9,,,,99,1.3,0.9,2.2,.116,.517,,.785
242,George Ratkovicz,1953-54,31,MLH,NBA,69,,2170,15.3,.459,.393,,,,,,,,,,,2.8,2.4,5.2,.116,.393,,.645
243,Jack Sikma,1977-78,22,SEA,NBA,82,,2238,13.5,.509,.455,8.5,22.9,15.4,8.3,1.4,1.0,17.8,17.8,99,96,1.7,3.6,5.4,.115,.455,,.777
244,Leroy Ellis,1967-68,27,BAL,NBA,78,,2719,13.7,.522,.475,,,,7.3,,,,,,,3.2,3.3,6.4,.114,.475,,.724
245,Billy Paultz,1978-79,30,SAS,NBA,79,,2122,15.5,.541,.526,8.7,21.8,15.5,10.5,0.7,2.9,15.7,17.8,104,101,2.1,2.9,5.1,.114,.526,,.588
246,Rick Robey,1980-81,25,BOS,NBA,82,4,1569,14.9,.563,.545,10.0,18.0,14.2,11.2,1.2,0.7,17.7,20.7,105,103,1.6,2.1,3.7,.114,.545,.000,.574
247,Jerome Whitehead,1981-82,25,SDC,NBA,72,63,2214,16.7,.599,.559,12.1,23.9,17.9,6.4,1.0,1.1,14.5,17.9,117,112,4.4,0.9,5.3,.114,.559,,.763
248,Tony Battie,2008-09,32,ORL,NBA,77,3,1202,11.9,.518,.492,8.9,17.0,13.0,4.2,1.1,1.5,11.4,15.6,106,102,0.7,2.1,2.8,.113,.489,.222,.659
249,Joe Barry Carroll,1982-83,24,GSW,NBA,79,79,2988,20.1,.549,.513,7.7,17.5,12.5,8.6,1.7,2.9,14.1,26.5,105,106,4.3,2.8,7.0,.113,.513,.000,.719
250,Patrick Ewing *,1999-00,37,NYK,NBA,62,62,2035,16.9,.516,.466,8.4,26.2,17.6,5.2,1.0,3.1,13.6,24.3,99,97,0.9,3.9,4.8,.113,.466,.000,.731
251,Bob Ferry,1960-61,23,DET,NBA,79,,1657,16.5,.500,.451,,,,,,,,,,,3.1,0.8,3.9,.113,.451,,.741
252,Rich Kelley,1979-80,26,TOT,NBA,80,,1839,14.4,.566,.473,11.5,17.9,14.7,12.8,1.9,2.9,24.2,17.3,103,100,1.3,3.0,4.3,.113,.473,.000,.787
253,Rick Mahorn,1989-90,31,PHI,NBA,75,66,2271,13.9,.546,.498,8.4,19.9,14.2,5.9,1.0,2.7,12.3,15.8,112,107,2.7,2.7,5.3,.113,.497,.222,.715
254,LaSalle Thompson,1985-86,24,SAC,NBA,80,64,2377,16.4,.559,.518,12.1,24.5,18.3,9.8,1.4,2.6,16.7,18.7,108,105,2.5,3.1,5.6,.113,.518,.000,.732
255,Wayne Cooper,1989-90,33,POR,NBA,79,0,1176,10.6,.469,.454,10.7,20.7,15.7,4.8,0.7,4.9,10.8,12.0,107,102,0.6,2.1,2.7,.112,.454,.000,.641
256,Leon Douglas,1980-81,26,KCK,NBA,79,,1356,12.5,.583,.573,12.4,19.1,15.7,6.7,0.9,1.6,18.2,15.1,109,104,1.6,1.6,3.2,.112,.573,.000,.548
257,James Edwards,1983-84,28,PHO,NBA,72,67,1897,16.2,.570,.536,6.6,14.9,10.7,13.9,0.6,0.9,13.1,23.1,111,110,3.0,1.4,4.4,.112,.536,.000,.720
258,Mike Green,1978-79,27,SAS,NBA,76,,1641,12.9,.528,.493,8.7,13.8,11.3,8.3,1.0,3.7,14.1,14.5,107,102,1.8,2.0,3.8,.112,.493,,.701
259,George Johnson,1980-81,32,SAS,NBA,82,,1935,13.5,.517,.473,12.6,20.9,16.9,5.8,1.1,7.7,21.8,10.4,105,100,1.1,3.4,4.5,.112,.473,,.734
260,Joe Meriweather,1976-77,23,ATL,NBA,74,,2068,14.5,.570,.526,10.9,19.9,15.3,5.9,0.9,2.2,,,,100,2.9,1.9,4.8,.112,.526,,.714
261,Cherokee Parks,1996-97,24,MIN,NBA,76,0,961,12.7,.535,.510,10.3,13.7,12.0,5.6,2.3,3.8,12.0,12.7,111,105,1.0,1.2,2.2,.112,.510,.000,.605
262,Caldwell Jones,1978-79,28,PHI,NBA,78,,2171,13.4,.512,.474,8.8,26.2,17.9,9.1,0.8,3.8,18.0,15.5,99,97,0.8,4.2,5.0,.111,.474,,.747
263,Emeka Okafor,2009-10,27,NOH,NBA,82,82,2370,16.5,.547,.530,12.2,24.7,18.4,3.5,1.2,4.1,12.5,17.1,110,106,2.6,2.8,5.5,.111,.530,,.562
264,Olden Polynice,1989-90,25,SEA,NBA,79,7,1085,12.4,.541,.542,13.3,19.3,16.2,1.9,1.2,1.2,9.5,14.1,116,109,1.6,0.9,2.5,.111,.540,.500,.475
265,Mychal Thompson,1987-88,33,LAL,NBA,80,0,2007,14.6,.544,.512,11.8,15.7,13.8,4.6,0.9,2.2,11.7,20.0,110,107,2.4,2.3,4.6,.111,.512,.000,.634
266,Mychal Thompson,1984-85,30,POR,NBA,79,55,2616,17.5,.554,.515,9.1,17.3,13.2,11.0,1.4,2.2,15.0,23.3,107,107,2.9,3.1,6.1,.111,.515,,.684
267,Mel Counts,1968-69,27,LAL,NBA,77,,1866,16.5,.497,.450,,,,8.5,,,,,,,2.3,1.9,4.3,.110,.450,,.805
268,Alton Lister,1987-88,29,SEA,NBA,82,55,1812,12.0,.541,.506,12.1,27.2,19.5,4.0,0.7,4.8,17.5,11.4,110,104,1.4,2.8,4.1,.110,.504,.500,.606
269,LaSalle Thompson,1982-83,21,KCK,NBA,71,3,987,14.7,.551,.512,14.6,26.5,20.5,4.2,1.8,3.5,21.7,17.3,101,99,0.5,1.7,2.3,.110,.512,.000,.650
270,Alvan Adams,1983-84,29,PHO,NBA,70,13,1452,16.6,.513,.462,9.5,16.3,12.9,20.3,2.4,1.2,15.2,21.7,107,106,1.5,1.8,3.3,.109,.462,.000,.825
271,James Edwards,1988-89,33,DET,NBA,76,1,1254,11.6,.547,.500,6.4,14.0,10.4,5.7,0.4,1.5,12.4,19.8,108,106,1.3,1.5,2.8,.109,.500,.000,.686
272,Bob Hopkins,1958-59,24,SYR,NBA,67,,1518,14.4,.468,.403,,,,,,,,,,,1.8,1.7,3.5,.109,.403,,.752
273,Clemon Johnson,1982-83,26,TOT,NBA,83,11,1914,15.3,.537,.515,10.5,18.9,14.6,9.5,1.6,2.7,15.8,16.1,107,104,2.1,2.2,4.3,.109,.515,.000,.617
274,Clemon Johnson,1979-80,23,IND,NBA,79,,1541,13.9,.527,.503,9.5,17.2,13.2,9.5,1.4,4.3,14.8,13.2,109,104,1.6,1.9,3.5,.109,.503,,.632
275,Leroy Ellis,1968-69,28,BAL,NBA,80,,1603,12.8,.483,.435,,,,5.6,,,,,,,1.0,2.6,3.6,.108,.435,,.755
276,Wayne Embry,1962-63,25,CIN,NBA,76,,2511,18.2,.507,.458,,,,,,,,,,,3.8,1.8,5.6,.108,.458,,.667
277,Clemon Johnson,1980-81,24,IND,NBA,81,,1643,15.6,.530,.504,11.1,20.2,15.5,11.8,1.3,4.1,18.1,16.3,105,102,1.4,2.3,3.7,.108,.504,.000,.593
278,Joe Meriweather,1982-83,29,KCK,NBA,78,74,1706,12.8,.589,.570,9.5,17.4,13.4,4.8,1.2,2.8,18.4,14.5,108,103,1.8,2.1,3.8,.108,.570,,.626
279,Cherokee Parks,1997-98,25,MIN,NBA,79,43,1703,13.6,.533,.499,9.4,19.6,14.6,4.7,1.1,3.6,11.2,15.4,109,105,2.0,1.8,3.8,.108,.499,.000,.651
280,Ralph Sampson *,1983-84,23,HOU,NBA,82,82,2693,20.1,.551,.523,11.8,24.7,18.3,8.9,1.2,4.0,15.9,27.1,104,104,1.9,4.1,6.0,.108,.523,.250,.661
281,Gene Conley,1960-61,30,BOS,NBA,75,,1242,11.0,.420,.370,,,,,,,,,,,-0.5,3.2,2.8,.107,.370,,.693
282,Eric Leckner,1989-90,23,UTA,NBA,77,0,764,12.1,.613,.563,7.9,20.8,14.7,3.7,1.0,1.9,18.9,19.0,106,104,0.6,1.1,1.7,.107,.563,,.743
283,Rick Mahorn,1981-82,23,WSB,NBA,80,80,2664,13.3,.531,.507,6.2,22.4,14.4,8.0,1.0,2.9,15.0,17.0,101,100,0.8,5.1,5.9,.107,.507,.000,.632
284,Jack Nichols,1955-56,29,BOS,NBA,60,,1964,16.5,.472,.413,,,,,,,,,,,2.6,1.8,4.4,.107,.413,,.791
285,Jack Sikma,1989-90,34,MIL,NBA,71,70,2250,14.7,.524,.457,5.5,19.8,12.5,14.6,1.7,1.3,12.9,20.1,108,107,2.3,2.7,5.0,.107,.416,.342,.885
286,Herb Williams,1985-86,27,IND,NBA,78,74,2770,17.9,.533,.492,6.8,20.9,13.9,9.7,0.9,3.8,12.6,24.6,104,103,2.0,4.2,6.2,.107,.492,.083,.730
287,Bob Burrow,1956-57,22,ROC,NBA,67,,1028,13.1,.440,.374,,,,,,,,,,,0.7,1.6,2.3,.106,.374,,.616
288,Bob Hopkins,1957-58,23,SYR,NBA,69,,1224,15.1,.452,.399,,,,,,,,,,,1.3,1.4,2.7,.106,.399,,.764
289,Jon Koncak,1986-87,23,ATL,NBA,82,19,1684,10.9,.531,.480,9.9,21.7,15.8,2.4,1.5,2.7,17.4,12.9,105,102,0.7,3.0,3.7,.106,.480,.000,.654
290,Jon Koncak,1985-86,22,ATL,NBA,82,15,1695,13.0,.539,.507,11.2,19.2,15.2,4.5,1.0,2.4,14.9,17.9,106,104,1.4,2.4,3.7,.106,.507,.000,.607
291,Mike Sojourner,1974-75,21,ATL,NBA,73,,2129,14.1,.507,.488,8.5,21.7,14.7,6.4,0.7,1.4,,,,99,2.7,1.9,4.7,.106,.488,,.651
292,Jim Chones,1977-78,28,CLE,NBA,82,,2906,14.9,.503,.472,7.6,22.0,14.7,6.5,0.8,1.0,13.1,19.2,100,99,2.6,3.8,6.4,.105,.472,,.720
293,Jim Chones,1975-76,26,CLE,NBA,82,,2741,15.5,.473,.448,7.1,21.0,13.9,8.8,0.7,1.9,,,,96,2.3,3.6,6.0,.105,.448,,.662
294,Leroy Ellis,1969-70,29,BAL,NBA,72,,1163,13.3,.510,.469,,,,4.9,,,,,,,0.9,1.6,2.5,.105,.469,,.741
295,Larry Foust,1958-59,30,MNL,NBA,72,,1933,16.1,.473,.390,,,,,,,,,,,2.7,1.5,4.2,.105,.390,,.765
296,Red Kerr,1955-56,23,SYR,NBA,72,,2114,15.7,.447,.403,,,,,,,,,,,1.4,3.3,4.6,.105,.403,,.655
297,Olden Polynice,1995-96,31,SAC,NBA,81,80,2441,15.8,.543,.528,12.1,24.1,18.1,4.1,1.1,2.0,12.3,18.6,108,107,2.5,2.8,5.3,.105,.527,.333,.601
298,Roy Tarpley,1986-87,22,DAL,NBA,75,1,1405,15.2,.501,.468,14.1,26.7,20.5,5.0,1.9,3.2,15.3,19.1,103,102,0.6,2.5,3.1,.105,.467,.333,.676
299,Jim Davis,1974-75,33,DET,NBA,79,,1078,14.5,.515,.454,9.9,19.1,14.5,11.5,2.2,1.8,,,,97,1.1,1.3,2.3,.104,.454,,.726
300,Wayne Embry,1963-64,26,CIN,NBA,80,,2915,15.1,.495,.458,,,,,,,,,,,3.5,2.8,6.3,.104,.458,,.650
301,Mark West,1992-93,32,PHO,NBA,82,82,1558,11.4,.609,.614,11.2,21.3,16.4,2.4,0.5,4.0,20.6,11.9,110,105,1.2,2.2,3.4,.104,.614,,.518
302,Sam Bowie,1989-90,28,NJN,NBA,68,54,2207,16.2,.499,.422,9.3,24.9,16.6,6.4,0.8,3.3,11.1,20.5,107,106,1.9,2.8,4.7,.103,.416,.323,.776
303,Caldwell Jones,1976-77,26,PHI,NBA,82,,2023,12.3,.520,.507,9.9,22.3,16.5,5.8,0.9,4.9,,,,93,0.7,3.7,4.4,.103,.507,,.552
304,Emeka Okafor,2007-08,25,CHA,NBA,82,82,2718,17.4,.553,.535,10.7,26.4,18.5,4.5,1.2,3.9,13.8,20.0,106,105,2.2,3.6,5.8,.103,.535,,.570
305,LaSalle Thompson,1984-85,23,KCK,NBA,82,77,2458,15.6,.579,.531,12.8,26.7,19.8,6.8,1.8,2.9,19.5,16.6,108,106,2.3,3.0,5.3,.103,.531,,.721
306,Nate Thurmond *,1970-71,29,SFW,NBA,82,,3351,18.5,.501,.445,,,14.8,11.1,,,,,,,3.8,3.4,7.2,.103,.445,,.730
307,Wes Unseld *,1976-77,30,WSB,NBA,82,,2860,12.8,.513,.490,8.9,22.3,15.8,15.9,1.4,0.8,,,,97,2.1,4.1,6.2,.103,.490,,.602
308,Leroy Ellis,1971-72,31,LAL,NBA,74,,1081,10.9,.500,.460,,,12.7,4.9,,,,,,,0.6,1.6,2.3,.102,.460,,.695
309,George Johnson,1976-77,28,TOT,NBA,78,,1652,14.4,.495,.462,12.4,25.0,18.7,8.3,1.0,5.4,,,,95,0.9,2.6,3.5,.102,.462,,.724
310,Caldwell Jones,1981-82,31,PHI,NBA,81,47,2446,11.3,.571,.497,7.9,24.0,16.3,5.0,0.7,3.4,21.6,12.2,104,102,1.1,4.1,5.2,.102,.497,.000,.817
311,Rick Mahorn,1992-93,34,NJN,NBA,74,9,1077,10.3,.554,.474,9.4,18.9,14.1,4.2,0.9,1.8,18.1,12.5,109,105,0.8,1.5,2.3,.102,.472,.333,.800
312,Paul Mokeski,1984-85,28,MIL,NBA,79,6,1586,10.1,.511,.478,7.5,21.1,14.3,8.1,0.8,1.3,15.0,14.5,105,103,0.7,2.6,3.4,.102,.478,.000,.698
313,Olden Polynice,1993-94,29,TOT,NBA,68,65,2402,14.9,.529,.523,13.4,23.8,18.5,2.6,0.9,1.8,9.5,14.8,112,108,3.1,2.0,5.1,.102,.523,.000,.508
314,Connie Simmons,1951-52,26,NYK,NBA,66,,1558,17.7,.442,.378,,,,,,,,,,,1.8,1.5,3.3,.102,.378,,.689
315,Sam Bowie,1991-92,30,NJN,NBA,71,61,2179,16.4,.496,.449,9.5,18.9,14.0,12.5,0.9,3.3,12.3,22.5,107,108,2.2,2.4,4.6,.101,.445,.320,.757
316,Mel Counts,1971-72,30,PHO,NBA,76,,906,13.8,.487,.427,,,13.6,14.3,,,,,,,0.5,1.4,1.9,.101,.427,,.721
317,Jon Koncak,1993-94,30,ATL,NBA,82,78,1823,9.9,.444,.431,5.0,17.1,11.0,7.6,1.8,4.5,10.3,10.1,102,100,0.4,3.4,3.8,.101,.431,.000,.667
318,Kurt Nimphius,1983-84,25,DAL,NBA,82,46,2284,13.0,.544,.521,9.3,16.8,13.0,9.8,0.9,3.6,14.2,12.6,113,108,2.5,2.3,4.8,.101,.520,.250,.623
319,Mike Brown,1991-92,28,UTA,NBA,82,1,1783,12.3,.515,.453,12.4,17.5,15.1,6.3,1.2,1.2,14.6,17.4,107,106,1.4,2.3,3.7,.100,.453,.000,.667
320,Joe Barry Carroll,1981-82,23,GSW,NBA,76,75,2627,15.9,.557,.519,8.6,17.9,13.1,3.4,1.2,2.7,15.1,20.9,106,106,2.6,2.9,5.5,.100,.519,.000,.728
321,Dave Cowens *,1970-71,22,BOS,NBA,81,,3076,15.4,.468,.422,,,17.0,9.5,,,,,,,0.6,5.8,6.4,.100,.422,,.732
322,Caldwell Jones,1980-81,30,PHI,NBA,81,,2639,10.1,.512,.449,8.9,23.6,16.8,5.5,0.9,2.8,22.8,11.3,98,97,0.1,5.4,5.5,.100,.449,,.767
323,Jim Krebs,1961-62,26,LAL,NBA,78,,2012,12.3,.492,.445,,,,,,,,,,,2.1,2.1,4.2,.100,.445,,.750
324,LaSalle Thompson,1986-87,25,SAC,NBA,82,53,2166,15.7,.528,.481,11.9,22.8,17.3,7.8,1.5,3.3,14.2,18.6,108,107,2.0,2.5,4.5,.100,.481,.000,.737
325,James Edwards,1984-85,29,PHO,NBA,70,58,1787,15.8,.562,.501,6.1,18.2,12.3,12.8,0.7,1.6,14.9,24.8,106,107,1.7,2.0,3.7,.099,.501,.000,.746
326,Leroy Ellis,1973-74,33,PHI,NBA,81,,2831,13.2,.494,.452,9.5,21.2,15.1,9.2,1.3,1.6,,,,97,2.5,3.4,5.8,.099,.452,,.750
327,Kevin Kunnert,1975-76,24,HOU,NBA,80,,2335,16.4,.505,.487,12.8,23.4,18.3,9.5,1.1,2.4,,,,99,2.6,2.2,4.8,.099,.487,,.654
328,Rick Mahorn,1982-83,24,WSB,NBA,82,82,3023,11.6,.510,.490,6.2,22.5,14.3,5.4,1.4,2.8,16.2,14.4,97,96,0.0,6.2,6.2,.099,.490,.000,.575
329,Otto Moore,1975-76,29,NOJ,NBA,81,,2407,14.2,.473,.436,6.6,26.3,16.4,12.4,1.6,3.0,,,,92,0.5,4.4,5.0,.099,.436,,.637
330,Sam Bowie,1992-93,31,NJN,NBA,79,65,2092,13.2,.500,.451,8.2,20.9,14.5,8.8,0.8,3.8,14.3,16.8,104,103,0.9,3.3,4.3,.098,.450,.333,.779
331,Clemon Johnson,1981-82,25,IND,NBA,79,42,1979,15.0,.516,.487,9.9,21.7,15.6,9.4,1.5,3.3,16.0,18.2,101,101,0.7,3.4,4.0,.098,.487,,.651
332,Alton Lister,1983-84,25,MIL,NBA,82,72,1955,12.5,.529,.500,9.4,25.0,17.5,7.7,1.0,4.2,20.5,16.1,98,99,-0.1,4.1,4.0,.098,.500,,.626
333,George Ratkovicz,1951-52,29,SYR,NBA,66,,1356,13.4,.425,.349,,,,,,,,,,,0.8,1.9,2.8,.098,.349,,.674
334,Mychal Thompson,1978-79,24,POR,NBA,73,,2144,17.0,.508,.490,10.1,21.3,15.7,12.1,1.5,3.5,16.3,23.2,99,100,1.2,3.2,4.4,.098,.490,,.572
335,Nate Thurmond *,1968-69,27,SFW,NBA,71,,3208,18.4,.457,.410,,,,11.6,,,,,,,0.5,6.1,6.5,.098,.410,,.615
336,Herb Williams,1993-94,35,NYK,NBA,70,3,774,10.4,.463,.442,8.4,18.1,13.3,5.6,1.2,3.9,13.4,16.4,96,97,-0.2,1.7,1.6,.098,.442,.000,.643
337,Wayne Embry,1964-65,27,CIN,NBA,74,,2243,14.2,.504,.456,,,,5.5,,,,,,,3.1,1.4,4.5,.097,.456,,.644
338,Jim Fox,1976-77,33,NYN,NBA,71,,1165,13.8,.517,.462,8.3,21.0,14.3,6.7,0.8,1.2,,,,99,1.0,1.3,2.4,.097,.462,,.833
339,Marcin Gortat,2012-13,28,PHO,NBA,22,22,677,16.7,.562,.534,7.6,22.7,14.9,6.3,1.1,4.9,13.6,16.6,108,107,0.8,0.6,1.4,.097,.534,.000,.684
340,Mike Green,1977-78,26,TOT,NBA,72,,1382,14.3,.506,.463,10.1,16.8,13.6,7.1,1.0,3.6,15.4,19.0,100,100,1.2,1.6,2.8,.097,.463,,.754
341,Mike Green,1976-77,25,SEA,NBA,76,,1928,14.5,.490,.441,9.8,17.4,13.4,8.7,1.0,3.6,,,,98,1.4,2.5,3.9,.097,.441,,.706
342,Kevin Kunnert,1976-77,25,HOU,NBA,81,,2050,14.8,.513,.486,11.6,23.6,17.8,10.3,0.8,2.8,,,,100,2.1,2.0,4.1,.097,.486,,.738
343,Alton Lister,1988-89,30,SEA,NBA,82,82,1806,13.7,.529,.499,12.4,21.6,16.9,4.0,0.7,6.0,15.8,16.3,107,106,1.3,2.3,3.7,.097,.499,,.646
344,Lloyd Neal,1975-76,25,POR,NBA,68,,2320,14.8,.517,.481,6.5,18.9,12.9,7.5,1.0,2.4,,,,97,1.8,2.9,4.7,.097,.481,,.694
345,Herb Williams,1981-82,23,IND,NBA,82,75,2277,16.1,.503,.478,8.2,20.9,14.4,9.2,1.1,4.5,12.8,19.7,101,101,0.8,3.8,4.6,.097,.477,.286,.670
346,Harvey Catchings,1982-83,31,MIL,NBA,74,33,1554,9.8,.510,.457,9.8,18.6,14.4,6.0,0.8,5.3,25.9,8.5,99,98,0.3,2.8,3.1,.096,.457,,.674
347,Alton Lister,1982-83,24,MIL,NBA,80,37,1885,13.8,.543,.529,10.3,22.3,16.6,8.0,1.3,5.2,23.1,17.7,95,96,-0.2,3.9,3.8,.096,.529,,.537
348,Red Rocha,1954-55,31,SYR,NBA,72,,2473,12.0,.438,.368,,,,,,,,,,,1.1,3.8,5.0,.096,.368,,.782
349,Ralph Sampson *,1984-85,24,HOU,NBA,82,82,3086,17.4,.533,.502,8.2,22.6,15.4,10.4,1.2,3.1,16.1,25.9,102,104,1.4,4.8,6.2,.096,.502,.000,.676
350,Tom Owens,1981-82,32,IND,NBA,74,40,1599,14.9,.530,.471,9.4,16.0,12.6,12.2,1.2,1.3,15.7,22.7,103,105,1.1,2.1,3.2,.095,.470,.500,.801
351,Billy Paultz,1976-77,28,SAS,NBA,82,,2694,15.8,.515,.473,7.4,18.7,13.1,11.1,0.9,3.1,,,,101,3.0,2.3,5.3,.095,.473,,.744
352,Arnie Risen *,1954-55,30,ROC,NBA,69,,1970,17.0,.461,.371,,,,,,,,,,,2.3,1.6,3.9,.095,.371,,.744
353,Dave Robisch,1980-81,31,TOT,NBA,84,,2116,14.1,.507,.446,7.5,17.2,12.2,10.4,0.8,0.8,8.9,16.5,112,110,3.2,0.9,4.2,.095,.446,,.810
354,Danny Schayes,1983-84,24,DEN,NBA,82,15,1420,12.9,.592,.493,10.5,21.9,16.0,7.4,1.0,2.2,19.5,16.2,111,110,1.8,1.1,2.8,.095,.493,.000,.790
355,Alvan Adams,1985-86,31,PHO,NBA,78,45,2005,15.3,.547,.502,8.9,18.1,13.7,22.5,2.4,1.3,21.1,19.4,104,105,1.2,2.7,3.9,.094,.502,.000,.783
356,Joe Barry Carroll,1980-81,22,GSW,NBA,82,,2919,16.4,.534,.491,10.3,18.7,14.4,5.8,0.8,2.3,14.4,23.0,106,108,3.7,2.0,5.7,.094,.491,.000,.716
357,James Edwards,1991-92,36,LAC,NBA,72,11,1437,11.7,.531,.465,4.2,11.4,7.8,5.5,0.8,1.4,9.9,21.6,107,108,1.3,1.5,2.8,.094,.465,.000,.731
358,Leroy Ellis,1974-75,34,PHI,NBA,82,,2183,12.3,.485,.461,9.0,18.1,13.5,7.6,0.9,1.3,,,,98,2.1,2.2,4.3,.094,.461,,.727
359,Len Elmore,1981-82,29,NJN,NBA,81,70,2100,11.8,.506,.460,8.9,14.9,11.9,6.4,2.0,2.6,15.8,16.4,101,101,0.5,3.6,4.1,.094,.460,,.794
360,John Gianelli,1974-75,24,NYK,NBA,80,,2797,12.4,.506,.472,7.9,18.0,12.9,8.0,0.6,2.3,,,,98,2.7,2.7,5.5,.094,.472,,.692
361,Theo Ratliff,2003-04,30,TOT,NBA,85,83,2664,14.4,.521,.485,8.6,17.9,13.3,4.3,1.1,8.6,15.7,13.2,102,101,1.8,3.4,5.2,.094,.485,,.645
362,Mark West,1993-94,33,PHO,NBA,82,50,1236,12.3,.567,.566,10.3,16.5,13.4,3.6,1.2,5.5,18.0,13.9,105,104,0.8,1.6,2.4,.094,.566,,.500
363,Tom LaGarde,1979-80,24,SEA,NBA,82,,1164,10.8,.521,.477,11.4,16.8,14.1,10.1,0.8,1.6,20.9,15.7,101,102,0.6,1.7,2.2,.093,.477,,.657
364,Eric Leckner,1988-89,22,UTA,NBA,75,0,779,9.7,.591,.545,7.4,20.0,14.2,3.1,0.5,1.7,20.4,18.4,101,102,0.1,1.4,1.5,.093,.545,,.699
365,Otto Moore,1973-74,27,TOT,NBA,78,,946,13.7,.522,.500,8.9,22.7,15.8,9.3,1.2,2.7,,,,97,0.8,1.1,1.8,.093,.500,,.629
366,Kurt Nimphius,1982-83,24,DAL,NBA,81,12,1515,12.5,.511,.492,11.0,17.9,14.4,9.3,0.7,4.0,13.7,12.6,111,107,1.8,1.1,2.9,.093,.490,1.000,.550
367,Harvey Catchings,1980-81,29,MIL,NBA,77,,1635,10.4,.480,.447,10.7,21.0,16.0,7.0,0.9,6.3,23.6,10.7,97,98,0.0,3.2,3.1,.092,.447,,.641
368,Jim Davis,1973-74,32,DET,NBA,78,,947,13.7,.471,.413,11.1,20.7,15.9,12.1,1.9,1.7,,,,91,0.0,1.8,1.8,.092,.413,,.647
369,Joe Meriweather,1983-84,30,KCK,NBA,73,31,1501,10.9,.575,.532,8.3,18.7,13.4,4.5,1.1,2.3,16.6,13.4,109,107,1.2,1.7,2.9,.092,.532,,.764
370,Dave Robisch,1978-79,29,LAL,NBA,80,,1219,11.9,.499,.446,7.7,17.1,12.7,9.4,0.7,1.0,12.1,14.4,106,104,1.2,1.2,2.3,.092,.446,,.748
371,Red Rocha,1955-56,32,SYR,NBA,72,,1883,12.4,.441,.361,,,,,,,,,,,1.0,2.7,3.6,.092,.361,,.783
372,Mychal Thompson,1980-81,26,POR,NBA,79,,2790,16.6,.520,.494,8.7,18.1,13.4,13.8,1.0,3.4,15.7,21.8,103,104,2.1,3.3,5.3,.092,.494,.000,.641
373,Nate Thurmond *,1964-65,23,SFW,NBA,77,,3173,16.5,.456,.419,,,,7.1,,,,,,,1.0,5.1,6.1,.092,.419,,.658
374,Dave Cowens *,1978-79,30,BOS,NBA,68,,2517,15.2,.516,.483,6.7,22.2,14.4,13.7,1.4,1.1,13.7,19.6,103,105,2.4,2.4,4.8,.091,.483,,.807
375,John Gianelli,1975-76,25,NYK,NBA,82,,2332,12.3,.504,.473,8.1,16.4,12.2,6.8,0.5,1.4,,,,100,2.5,1.9,4.4,.091,.473,,.713
376,Steve Johnson,1986-87,29,POR,NBA,79,74,2345,15.1,.602,.556,9.5,17.4,13.5,9.3,1.0,1.8,20.0,23.1,106,109,2.1,2.4,4.4,.091,.556,,.698
377,Lloyd Neal,1974-75,24,POR,NBA,82,,2278,15.4,.504,.471,9.0,22.1,15.8,9.0,0.9,2.0,,,,96,1.5,2.8,4.3,.091,.471,,.641
378,Lloyd Neal,1973-74,23,POR,NBA,80,,1517,15.6,.529,.490,9.9,23.6,16.6,7.9,1.3,2.5,,,,100,1.7,1.2,2.9,.091,.490,,.696
379,Brad Sellers,1986-87,24,CHI,NBA,80,17,1751,13.4,.498,.457,9.8,14.4,12.1,8.4,1.3,2.3,11.0,18.5,107,108,1.4,2.0,3.3,.091,.455,.200,.728
380,Mychal Thompson,1990-91,36,LAL,NBA,72,4,1077,9.6,.540,.496,8.3,15.9,12.3,2.6,1.1,1.3,15.0,12.7,107,105,0.6,1.4,2.1,.091,.496,.000,.705
381,Victor Alexander,1991-92,22,GSW,NBA,80,28,1350,13.9,.561,.529,8.7,18.3,13.6,3.1,1.5,2.7,14.8,18.3,107,108,1.1,1.4,2.5,.090,.529,.000,.691
382,Harvey Catchings,1979-80,28,MIL,NBA,72,,1366,10.9,.429,.398,13.4,19.0,16.3,7.0,0.8,6.5,20.0,9.9,99,100,0.2,2.4,2.6,.090,.398,.000,.629
383,Jim Davis,1970-71,29,ATL,NBA,82,,1864,12.8,.538,.479,,,13.2,7.4,,,,,,,2.6,0.9,3.5,.090,.479,,.677
384,Leroy Ellis,1964-65,24,LAL,NBA,80,,2026,14.2,.497,.444,,,,3.4,,,,,,,2.5,1.3,3.8,.090,.444,,.697
385,Jack Haley,1990-91,27,NJN,NBA,78,18,1178,11.8,.513,.469,12.0,20.0,15.8,3.8,0.8,1.0,13.0,16.6,107,107,0.9,1.3,2.2,.090,.469,,.619
386,Bob Hopkins,1956-57,22,SYR,NBA,62,,764,14.8,.444,.379,,,,,,,,,,,0.6,0.8,1.4,.090,.379,,.746
387,Steve Johnson,1984-85,27,CHI,NBA,74,54,1659,14.1,.593,.545,10.5,19.8,15.3,5.5,1.1,2.1,19.4,19.6,106,108,1.4,1.7,3.1,.090,.545,.000,.718
388,Caldwell Jones,1977-78,27,PHI,NBA,80,,1636,11.3,.509,.471,10.6,24.2,17.6,6.9,0.7,4.0,23.1,12.8,97,97,0.5,2.5,3.1,.090,.471,,.627
389,Joe Meriweather,1975-76,22,HOU,NBA,81,,2042,14.4,.526,.494,8.9,18.2,13.7,5.5,0.8,3.1,,,,100,2.3,1.6,3.8,.090,.494,,.644
390,LaSalle Thompson,1988-89,27,TOT,NBA,76,71,2329,15.6,.544,.489,10.7,22.7,16.8,5.2,1.6,2.3,15.5,20.4,104,106,1.5,2.9,4.4,.090,.489,.000,.808
391,Herb Williams,1986-87,28,IND,NBA,74,67,2526,14.1,.521,.480,6.1,17.6,11.7,10.0,1.1,2.2,12.1,19.9,104,106,1.3,3.4,4.7,.090,.480,.000,.740
392,James Edwards,1977-78,22,TOT,NBA,83,,2405,14.7,.494,.453,8.0,17.3,12.6,5.1,1.0,1.7,11.7,22.9,99,101,2.1,2.3,4.5,.089,.453,,.646
393,Clemon Johnson,1986-87,30,SEA,NBA,78,7,1051,10.0,.543,.494,11.0,17.8,14.4,2.4,0.9,2.3,13.7,9.8,116,110,1.0,0.9,2.0,.089,.494,.000,.636
394,Bob McAdoo *,1983-84,32,LAL,NBA,70,0,1456,15.9,.530,.471,6.9,15.0,11.2,6.9,1.3,1.8,12.8,27.4,104,107,1.1,1.6,2.7,.089,.471,.000,.803
395,Stan Miasek,1951-52,27,BLB,NBA,66,,2174,16.5,.447,.365,,,,,,,,,,,2.6,1.4,4.1,.089,.365,,.707
396,Jim Chones,1980-81,31,LAL,NBA,82,,2562,11.8,.528,.503,8.1,19.1,13.9,7.4,0.7,2.0,16.0,15.6,103,104,1.5,3.2,4.7,.088,.503,.000,.653
397,James Edwards,1990-91,35,DET,NBA,72,70,1903,12.7,.533,.484,5.4,11.2,8.3,5.6,0.3,1.0,12.0,24.2,105,108,1.5,2.0,3.5,.088,.484,.500,.729
398,Clemon Johnson,1985-86,29,PHI,NBA,75,2,1069,10.4,.505,.471,11.1,15.6,13.3,1.8,1.0,3.3,12.8,11.2,109,106,0.7,1.2,2.0,.088,.471,,.630
399,Jack Nichols,1956-57,30,BOS,NBA,61,,1372,11.8,.417,.363,,,,,,,,,,,0.1,2.4,2.5,.088,.363,,.794
400,Billy Paultz,1979-80,31,TOT,NBA,84,,2193,13.9,.507,.486,9.2,19.8,14.5,10.7,1.4,2.0,13.2,15.3,107,107,2.1,1.9,4.0,.088,.486,.000,.599
401,Hub Reed,1958-59,22,STL,NBA,65,,950,11.5,.467,.429,,,,,,,,,,,0.8,0.9,1.7,.088,.429,,.746
402,Jack Sikma,1990-91,35,MIL,NBA,77,44,1940,13.7,.516,.460,6.5,20.8,13.5,10.7,1.7,2.1,14.3,20.1,104,105,1.0,2.6,3.5,.088,.427,.341,.843
403,Gene Tormholen,1965-66,28,STL,NBA,71,,775,15.4,.475,.444,,,,11.2,,,,,,,0.5,0.9,1.4,.088,.444,,.659
404,Leon Douglas,1977-78,23,DET,NBA,79,,1993,13.6,.527,.481,9.7,20.8,15.3,7.7,1.3,1.2,19.4,19.5,98,100,1.4,2.2,3.6,.087,.481,,.641
405,Leroy Ellis,1970-71,30,POR,NBA,74,,2581,15.6,.487,.443,,,15.3,12.1,,,,,,,1.7,3.0,4.7,.087,.443,,.801
406,Willis Reed *,1964-65,22,NYK,NBA,80,,3042,17.8,.477,.432,,,,6.7,,,,,,,3.1,2.4,5.5,.087,.432,,.742
407,Bob Ferry,1963-64,26,DET,NBA,74,,1522,16.2,.493,.445,,,,,,,,,,,2.0,0.7,2.7,.086,.445,,.667
408,Dave Hoppen,1988-89,24,CHH,NBA,77,36,1419,11.8,.604,.565,9.1,21.5,15.0,5.5,0.8,0.9,15.7,14.2,113,111,1.7,0.9,2.6,.086,.564,.500,.727
409,Rich Kelley,1982-83,29,TOT,NBA,70,23,1345,12.2,.543,.444,10.0,20.3,15.3,12.2,1.8,1.5,24.2,13.8,103,104,0.9,1.5,2.4,.086,.444,,.811
410,Alton Lister,1986-87,28,SEA,NBA,75,75,2288,14.0,.542,.504,10.6,23.0,16.8,6.4,0.7,4.5,17.4,16.7,106,107,1.4,2.7,4.1,.086,.504,.000,.675
411,Rick Mahorn,1990-91,32,PHI,NBA,80,74,2439,11.8,.535,.467,7.1,21.2,14.3,6.8,1.6,1.4,16.0,14.2,105,106,1.3,3.1,4.4,.086,.467,.000,.788
412,Olden Polynice,1988-89,24,SEA,NBA,80,0,835,10.3,.535,.506,12.7,14.9,13.8,3.2,2.1,2.2,17.4,12.6,108,107,0.6,0.9,1.5,.086,.506,.000,.593
413,Dave Robisch,1977-78,28,TOT,NBA,78,,1277,12.8,.466,.412,7.9,19.6,13.8,8.9,1.4,1.2,12.7,16.8,99,100,0.9,1.4,2.3,.086,.412,,.775
414,Mychal Thompson,1982-83,28,POR,NBA,80,80,3017,15.4,.520,.489,6.8,21.3,14.0,17.8,1.1,2.1,18.9,20.1,100,103,1.5,3.9,5.4,.086,.489,.000,.621
415,Red Kerr,1965-66,33,BAL,NBA,71,,1770,16.3,.481,.413,,,,16.4,,,,,,,1.5,1.6,3.1,.085,.413,,.768
416,Rick Mahorn,1983-84,25,WSB,NBA,82,82,2701,11.3,.536,.507,7.3,24.5,15.9,6.7,1.1,2.6,17.1,13.1,102,104,0.7,4.1,4.8,.085,.507,,.651
417,Lloyd Neal,1972-73,22,POR,NBA,82,,2723,15.2,.522,.494,,,17.2,7.2,,,,,,,3.7,1.1,4.8,.085,.494,,.638
418,Rick Robey,1978-79,23,TOT,NBA,79,,1763,14.5,.530,.478,10.2,21.0,15.6,10.5,1.2,0.4,17.5,20.7,102,104,1.4,1.7,3.1,.085,.478,,.777
419,Nate Thurmond *,1963-64,22,SFW,NBA,76,,1966,12.1,.423,.395,,,,,,,,,,,-0.9,4.4,3.5,.085,.395,,.549
420,Olden Polynice,1999-00,35,UTA,NBA,82,79,1819,10.4,.497,.511,11.4,18.8,15.2,3.2,0.9,3.5,13.8,12.9,101,101,0.7,2.5,3.2,.084,.510,.500,.311
421,Bob Rule,1969-70,25,SEA,NBA,80,,2959,17.7,.506,.463,,,,7.3,,,,,,,3.4,1.8,5.2,.084,.463,,.714
422,Ralph Sampson *,1985-86,25,HOU,NBA,79,76,2864,16.9,.516,.488,9.6,23.6,16.5,13.5,1.6,2.5,16.5,23.6,101,104,1.1,4.0,5.0,.084,.488,.133,.641
423,Victor Alexander,1992-93,23,GSW,NBA,72,59,1753,14.3,.548,.523,8.4,18.4,13.4,7.8,0.9,1.9,14.0,20.0,107,110,1.6,1.4,3.0,.083,.516,.455,.685
424,Tony Battie,2005-06,29,ORL,NBA,82,82,2215,12.2,.531,.507,8.3,16.9,12.7,3.7,1.1,2.5,12.6,14.9,106,107,1.7,2.2,3.8,.083,.507,.000,.664
425,Mike Brown,1990-91,27,UTA,NBA,82,2,1391,9.6,.538,.454,9.9,18.1,14.3,4.9,1.1,1.1,18.5,14.2,104,105,0.5,1.9,2.4,.083,.454,,.742
426,Len Elmore,1980-81,28,MIL,NBA,72,,925,8.6,.420,.358,8.4,16.3,12.4,8.7,1.9,3.2,15.2,12.2,97,100,0.0,1.6,1.6,.083,.358,,.720
427,Rick Mahorn,1984-85,26,WSB,NBA,77,63,2072,10.4,.526,.499,7.8,25.0,16.2,7.4,1.4,2.9,22.5,11.9,97,101,-0.3,3.9,3.6,.083,.499,,.683
428,Joe Meriweather,1984-85,31,KCK,NBA,76,4,1061,10.2,.570,.500,10.2,18.0,14.1,3.1,0.7,1.4,14.4,12.9,114,112,1.3,0.6,1.8,.083,.498,.500,.774
429,Joe Meriweather,1980-81,27,KCK,NBA,74,,1514,12.4,.550,.496,9.3,19.5,14.4,6.7,0.8,3.0,19.7,17.3,101,103,0.6,2.0,2.6,.083,.496,,.695
430,Otto Moore,1972-73,26,HOU,NBA,82,,2712,13.5,.506,.487,,,15.0,7.7,,,,,,,2.4,2.2,4.7,.083,.487,,.602
431,Joe Barry Carroll,1986-87,28,GSW,NBA,81,81,2724,18.4,.521,.472,6.9,16.9,11.8,12.3,1.6,2.6,12.0,27.8,105,109,2.1,2.6,4.6,.082,.472,,.787
432,Wayne Cooper,1984-85,28,DEN,NBA,80,78,2031,15.1,.505,.472,11.3,22.5,16.6,5.4,0.6,5.4,13.4,20.6,103,106,0.9,2.6,3.5,.082,.472,.000,.685
433,Wayne Embry,1966-67,29,BOS,NBA,72,,729,14.4,.445,.409,,,,7.7,,,,,,,-0.2,1.5,1.2,.082,.409,,.569
434,Phil Jordon,1957-58,24,TOT,NBA,58,,898,16.1,.443,.413,,,,,,,,,,,0.7,0.8,1.5,.082,.413,,.688
435,Brad Lohaus,1989-90,25,TOT,NBA,80,41,1943,13.6,.517,.495,5.7,18.5,11.9,13.0,1.5,2.9,13.3,17.9,104,106,0.9,2.4,3.3,.082,.460,.343,.728
436,Nate Thurmond *,1975-76,34,TOT,NBA,78,,1393,12.0,.442,.421,8.2,23.0,15.3,8.9,0.7,3.9,,,,94,0.2,2.2,2.4,.082,.421,,.504
437,Jim Barnes,1967-68,26,TOT,NBA,79,,1425,11.7,.493,.443,,,,5.1,,,,,,,1.1,1.3,2.4,.081,.443,,.696
438,Nate Thurmond *,1974-75,33,CHI,NBA,80,,2756,13.4,.403,.364,10.0,24.5,17.3,16.9,0.8,4.0,,,,91,-0.8,5.4,4.7,.081,.364,,.589
439,Mark West,1996-97,36,CLE,NBA,70,43,959,9.9,.555,.556,9.2,16.1,12.6,3.4,0.7,5.2,20.3,13.4,99,102,0.1,1.5,1.6,.081,.556,,.482
440,Coby Dietrick,1981-82,33,CHI,NBA,74,0,999,10.8,.496,.460,7.5,13.6,10.7,11.5,2.4,1.7,16.4,11.2,106,106,0.5,1.1,1.7,.080,.460,.000,.704
441,Coby Dietrick,1980-81,32,CHI,NBA,82,,1243,11.8,.503,.459,7.6,16.4,12.1,12.6,1.8,2.4,19.3,15.0,102,104,0.5,1.5,2.1,.080,.456,.333,.694
442,James Edwards,1981-82,26,CLE,NBA,77,75,2539,15.8,.545,.511,7.9,18.6,12.9,7.4,0.5,2.6,12.1,21.8,108,111,3.0,1.3,4.3,.080,.511,.000,.684
443,Red Kerr,1963-64,31,PHI,NBA,80,,2938,17.1,.476,.429,,,,,,,,,,,2.3,2.6,4.9,.080,.429,,.751
444,Jerome Whitehead,1983-84,27,SDC,NBA,70,1,921,12.2,.551,.490,11.6,18.5,15.1,2.7,0.9,0.7,14.7,17.3,111,112,1.1,0.4,1.5,.080,.490,,.822
445,Jim Davis,1969-70,28,ATL,NBA,82,,2623,14.4,.515,.464,,,,11.4,,,,,,,2.6,1.7,4.3,.079,.464,,.755
446,Len Elmore,1978-79,26,IND,NBA,80,,1264,12.2,.444,.406,9.4,23.4,16.4,7.4,2.2,3.3,16.2,13.9,95,98,-0.1,2.2,2.1,.079,.406,,.718
447,Jim Fox,1968-69,25,TOT,NBA,76,,2354,13.9,.520,.470,,,,9.3,,,,,,,2.9,0.9,3.9,.079,.470,,.715
448,Steve Johnson,1983-84,26,TOT,NBA,81,21,1487,14.8,.577,.559,12.3,20.0,16.1,8.1,1.2,2.6,19.8,22.7,102,106,0.5,1.9,2.4,.079,.559,,.575
449,Kurt Nimphius,1984-85,26,DAL,NBA,82,40,2010,10.9,.504,.452,7.5,15.8,11.6,11.4,0.7,3.6,16.1,12.3,107,108,1.3,2.0,3.3,.079,.452,.000,.771
450,Arnie Risen *,1955-56,31,BOS,NBA,68,,1597,12.1,.458,.383,,,,,,,,,,,1.2,1.4,2.6,.079,.383,,.708
451,Bob Ferry,1959-60,22,STL,NBA,62,,875,11.5,.466,.426,,,,,,,,,,,0.8,0.7,1.4,.078,.426,,.639
452,Caldwell Jones,1986-87,36,POR,NBA,78,37,1578,8.7,.573,.496,8.3,23.6,16.1,4.8,0.7,2.7,23.8,9.1,106,107,0.6,2.0,2.6,.078,.496,.000,.782
453,Caldwell Jones,1985-86,35,POR,NBA,80,19,1437,9.7,.588,.496,8.3,19.8,14.0,6.3,1.2,2.4,24.2,11.6,106,107,0.8,1.6,2.3,.078,.496,.000,.827
454,Caldwell Jones,1983-84,33,HOU,NBA,81,73,2506,10.9,.557,.503,7.2,17.7,12.5,7.6,0.8,1.7,18.0,13.8,106,108,1.6,2.5,4.1,.078,.502,.333,.837
455,Red Kerr,1959-60,27,SYR,NBA,75,,2372,15.7,.443,.392,,,,,,,,,,,1.0,2.8,3.8,.078,.392,,.752
456,Erwin Mueller,1966-67,22,CHI,NBA,80,,2136,13.3,.474,.441,,,,8.6,,,,,,,1.0,2.4,3.5,.078,.441,,.658
457,Joe Barry Carroll,1983-84,25,GSW,NBA,80,80,2962,16.8,.519,.477,8.1,15.9,11.7,10.1,1.6,2.7,14.5,24.3,103,108,1.6,3.1,4.7,.077,.477,.000,.723
458,Billy Paultz,1980-81,32,HOU,NBA,81,,1659,12.9,.513,.507,7.4,19.0,13.1,8.5,0.8,2.4,13.2,16.5,103,106,1.0,1.6,2.7,.077,.507,.000,.490
459,Theo Ratliff,2002-03,29,ATL,NBA,81,81,2518,13.8,.512,.464,7.3,19.7,13.7,4.8,1.2,7.3,16.6,15.0,98,101,0.7,3.4,4.0,.077,.464,,.720
460,Wayne Cooper,1981-82,25,DAL,NBA,76,38,1818,13.8,.461,.421,12.1,22.8,17.3,9.0,1.0,3.4,10.6,18.7,103,107,0.9,1.9,2.9,.076,.420,.125,.744
461,Connie Dierking,1967-68,31,CIN,NBA,81,,2637,15.5,.509,.467,,,,10.0,,,,,,,3.4,0.7,4.2,.076,.467,,.765
462,Coby Dietrick,1979-80,31,CHI,NBA,79,,1830,12.1,.494,.455,6.4,15.7,11.1,16.4,2.3,1.6,16.9,14.8,102,105,0.8,2.1,2.9,.076,.454,.111,.763
463,George Johnson,1981-82,33,SAS,NBA,75,62,1578,10.6,.504,.467,10.3,20.5,15.4,5.7,0.6,8.2,29.2,7.9,98,102,-0.1,2.6,2.5,.076,.467,,.672
464,Ed Kalafat,1956-57,24,MNL,NBA,65,,1617,11.6,.433,.351,,,,,,,,,,,0.8,1.7,2.6,.076,.351,,.661
465,Arnie Risen *,1957-58,33,BOS,NBA,63,,1119,9.9,.406,.338,,,,,,,,,,,-0.2,2.0,1.8,.076,.338,,.683
466,Rick Robey,1981-82,26,BOS,NBA,80,4,1186,11.0,.511,.493,10.9,16.4,13.7,7.5,1.1,0.6,17.2,18.1,100,104,0.3,1.6,1.9,.076,.493,.000,.535
467,Danny Schayes,1997-98,38,ORL,NBA,74,33,1272,10.9,.479,.418,8.8,13.7,11.2,6.0,1.5,1.9,12.6,17.5,101,104,0.6,1.4,2.0,.076,.418,,.807
468,Patrick Ewing *,1986-87,24,NYK,NBA,63,63,2206,18.9,.549,.503,7.9,20.4,14.1,7.8,2.0,3.9,15.6,27.7,102,106,0.6,2.8,3.5,.075,.503,.000,.713
469,Jim Fox,1971-72,28,TOT,NBA,81,,2180,14.4,.509,.449,,,16.2,5.6,,,,,,,2.2,1.2,3.4,.075,.449,,.764
470,Jack Nichols,1952-53,26,MLH,NBA,69,,2626,16.8,.413,.363,,,,,,,,,,,-0.1,4.2,4.1,.075,.363,,.708
471,Hub Reed,1959-60,23,TOT,NBA,71,,1820,12.9,.494,.449,,,,,,,,,,,2.4,0.5,2.8,.075,.449,,.728
472,Tony Battie,2003-04,27,TOT,NBA,73,7,1478,11.9,.482,.445,9.0,18.1,13.6,6.4,0.9,3.3,13.0,14.8,101,103,0.8,1.4,2.3,.074,.443,.222,.742
473,Nathaniel Clifton,1954-55,32,NYK,NBA,72,,2390,15.0,.439,.386,,,,,,,,,,,1.3,2.4,3.7,.074,.386,,.683
474,Gene Conley,1959-60,29,BOS,NBA,71,,1330,10.1,.406,.373,,,,,,,,,,,-0.8,2.8,2.1,.074,.373,,.667
475,Wayne Cooper,1979-80,23,GSW,NBA,79,,1781,14.8,.525,.490,12.1,19.5,15.7,3.5,0.5,2.6,14.4,22.4,102,106,1.1,1.6,2.8,.074,.489,.250,.751
476,Steve Hawes,1983-84,33,SEA,NBA,79,0,1153,9.5,.534,.483,4.9,16.7,10.8,11.1,1.0,0.8,16.1,11.6,107,108,0.7,1.1,1.8,.074,.481,.250,.782
477,Jon Koncak,1992-93,29,ATL,NBA,78,65,1975,9.2,.476,.470,5.4,19.2,12.0,8.9,1.9,3.2,15.2,7.1,108,107,0.8,2.2,3.1,.074,.464,.375,.480
478,Emeka Okafor,2004-05,22,CHA,NBA,73,73,2600,16.3,.479,.447,11.5,24.1,17.5,4.3,1.2,3.6,9.8,21.8,100,105,0.9,3.1,4.0,.074,.447,.000,.609
479,Hub Reed,1962-63,26,CIN,NBA,80,,1299,11.3,.502,.466,,,,,,,,,,,1.2,0.8,2.0,.074,.466,,.755
480,Howie Schultz,1951-52,29,MNL,NBA,66,,1301,8.1,.365,.283,,,,,,,,,,,-0.9,2.9,2.0,.074,.283,,.756
481,Jeff Wilkins,1984-85,29,UTA,NBA,79,0,1505,11.6,.511,.490,5.5,19.3,12.6,7.8,1.1,0.6,12.8,18.7,99,103,-0.1,2.4,2.3,.074,.490,.000,.763
482,Wayne Embry,1960-61,23,CIN,NBA,79,,2233,16.2,.490,.451,,,,,,,,,,,3.3,0.1,3.4,.073,.451,,.668
483,Caldwell Jones,1987-88,37,POR,NBA,79,77,1778,8.0,.539,.487,6.4,18.5,12.4,5.3,0.8,3.2,20.9,8.7,104,106,0.5,2.2,2.7,.073,.487,.000,.736
484,Brad Lohaus,1992-93,28,MIL,NBA,80,24,1766,13.3,.550,.530,3.8,14.3,9.0,10.8,1.3,2.7,12.4,18.2,107,110,1.4,1.3,2.7,.073,.461,.370,.723
485,Brad Sellers,1988-89,26,CHI,NBA,80,25,1732,10.6,.529,.488,5.9,9.2,7.6,7.7,1.0,2.4,12.2,14.7,108,110,1.3,1.4,2.6,.073,.485,.500,.851
486,Caldwell Jones,1989-90,39,SAS,NBA,72,2,885,7.2,.516,.469,10.0,19.1,14.6,2.9,1.1,1.9,22.2,10.1,99,104,0.0,1.3,1.3,.072,.465,.200,.704
487,Paul Mokeski,1988-89,32,MIL,NBA,74,0,690,8.2,.443,.381,10.4,21.1,15.7,6.7,2.0,1.9,15.8,13.3,98,103,-0.1,1.1,1.0,.072,.360,.269,.784
488,Rick Roberson,1969-70,22,LAL,NBA,74,,2005,11.2,.474,.447,,,,5.8,,,,,,,0.1,2.9,3.0,.072,.447,,.566
489,Nate Thurmond *,1965-66,24,SFW,NBA,73,,2891,15.0,.454,.406,,,,5.0,,,,,,,0.3,4.0,4.3,.072,.406,,.654
490,Jim Barnes,1966-67,25,LAL,NBA,80,,1398,11.0,.485,.437,,,,4.1,,,,,,,0.9,1.2,2.1,.071,.437,,.684
491,Jim Chones,1979-80,30,LAL,NBA,82,,2394,11.3,.521,.489,7.1,17.6,12.8,7.6,1.1,1.4,17.3,16.9,100,104,0.7,2.8,3.5,.071,.489,.000,.740
492,Jim Krebs,1962-63,27,LAL,NBA,79,,1913,10.6,.474,.434,,,,,,,,,,,0.7,2.1,2.8,.071,.434,,.747
493,Alton Lister,1981-82,23,MIL,NBA,80,23,1186,11.5,.531,.519,10.9,26.0,18.7,9.2,0.7,5.8,27.4,16.3,91,97,-0.9,2.6,1.7,.071,.519,,.520
494,Brad Lohaus,1990-91,26,MIL,NBA,81,3,1219,11.9,.488,.471,5.7,15.7,10.6,8.9,2.0,3.9,12.0,17.6,100,105,0.1,1.7,1.8,.071,.431,.277,.685
495,Bob McAdoo *,1972-73,21,BUF,NBA,80,,2562,16.8,.498,.452,,,13.3,8.1,,,,,,,3.1,0.7,3.8,.071,.452,,.774
496,Brad Sellers,1987-88,25,CHI,NBA,82,76,2212,10.7,.496,.457,5.6,7.4,6.5,8.9,0.8,1.8,10.4,17.0,105,109,1.3,2.0,3.3,.071,.457,.143,.790
497,Mark West,1987-88,27,TOT,NBA,83,41,2098,13.1,.574,.551,9.2,19.5,14.4,5.0,1.1,4.1,19.9,17.4,101,106,0.4,2.7,3.1,.071,.551,.000,.596
498,Harvey Catchings,1981-82,30,MIL,NBA,80,9,1603,8.1,.450,.420,9.6,15.6,12.7,7.2,1.3,4.8,27.0,8.9,92,100,-0.6,3.0,2.3,.070,.420,,.594
499,John Gianelli,1978-79,28,MIL,NBA,82,,2057,10.3,.511,.486,6.6,15.4,11.0,9.1,1.0,1.5,15.6,12.8,103,105,1.2,1.8,3.0,.070,.486,,.706
500,Clemon Johnson,1978-79,22,POR,NBA,74,,794,12.1,.481,.470,11.5,20.3,15.8,12.8,1.3,2.5,20.7,15.6,97,101,0.1,1.1,1.2,.070,.470,,.486
501,Rich Kelley,1983-84,30,UTA,NBA,75,30,1674,9.7,.579,.500,9.3,20.8,15.4,11.3,1.5,0.9,30.6,11.5,101,105,0.3,2.2,2.4,.070,.500,,.765
502,Red Kerr,1960-61,28,SYR,NBA,79,,2676,13.7,.445,.397,,,,,,,,,,,0.8,3.1,3.9,.070,.397,,.729
503,Mel Counts,1974-75,33,NOJ,NBA,75,,1421,14.8,.477,.438,7.0,24.7,15.5,18.7,1.5,1.6,,,,96,0.2,1.8,2.0,.069,.438,,.761
504,Wayne Embry,1968-69,31,MIL,NBA,78,,2355,13.5,.480,.427,,,,8.6,,,,,,,1.6,1.8,3.4,.069,.427,,.664
505,Olden Polynice,1987-88,23,SEA,NBA,82,0,1080,9.8,.521,.465,12.4,22.2,17.2,3.9,1.4,1.5,20.0,15.0,101,106,0.2,1.4,1.6,.069,.465,.000,.639
506,Willis Reed *,1965-66,23,NYK,NBA,76,,2537,14.4,.497,.434,,,,4.8,,,,,,,2.9,0.7,3.6,.069,.434,,.757
507,Jerome Whitehead,1984-85,28,GSW,NBA,79,78,2536,12.6,.553,.510,8.9,19.5,13.7,2.9,0.8,1.0,13.2,16.5,110,113,2.7,0.9,3.6,.069,.510,,.783
508,Rickey Brown,1981-82,23,GSW,NBA,82,11,1260,11.2,.498,.459,11.6,20.1,15.8,2.0,1.4,1.3,15.1,17.8,101,106,0.4,1.4,1.8,.068,.459,,.705
509,Leon Douglas,1978-79,24,DET,NBA,78,,2215,12.1,.529,.490,11.3,20.2,15.6,4.3,0.8,1.3,18.4,17.7,100,105,1.1,2.0,3.1,.068,.490,,.634
510,Caldwell Jones,1979-80,29,PHI,NBA,80,,2771,9.7,.482,.436,8.9,26.5,18.2,7.4,0.7,3.2,26.3,11.9,90,98,-1.5,5.4,3.9,.068,.436,.000,.697
511,Mychal Thompson,1985-86,31,POR,NBA,82,78,2569,13.7,.525,.498,8.0,18.9,13.4,9.6,1.4,0.8,14.6,20.7,103,108,1.3,2.4,3.7,.068,.498,,.641
512,Mark West,1986-87,26,CLE,NBA,78,13,1333,11.5,.550,.543,10.2,17.2,13.7,4.5,0.8,3.4,18.7,17.0,100,105,0.1,1.8,1.9,.068,.543,.000,.514
513,John Amaechi,1999-00,29,ORL,NBA,80,53,1684,13.2,.505,.438,4.0,13.2,8.6,9.1,1.0,1.5,14.4,24.1,98,104,0.6,1.8,2.4,.067,.437,.167,.766
514,Nathaniel Clifton,1955-56,33,NYK,NBA,64,,1537,13.9,.449,.394,,,,,,,,,,,1.1,1.0,2.1,.067,.394,,.707
515,Wayne Cooper,1982-83,26,POR,NBA,80,60,2099,12.4,.479,.443,11.4,21.3,16.3,7.6,0.6,3.6,16.7,18.8,97,102,0.1,2.8,2.9,.067,.443,.000,.685
516,Leroy Ellis,1962-63,22,LAL,NBA,80,,1628,11.4,.466,.419,,,,,,,,,,,0.4,1.9,2.3,.067,.419,,.658
517,Stuart Gray,1987-88,24,IND,NBA,74,0,807,9.9,.498,.466,9.6,24.3,17.0,7.2,0.7,2.3,18.2,14.4,99,105,0.0,1.2,1.1,.067,.466,.000,.603
518,Bob Houbregs *,1953-54,21,TOT,NBA,70,,1970,13.4,.448,.372,,,,,,,,,,,2.0,0.7,2.8,.067,.372,,.714
519,John Lambert,1977-78,25,CLE,NBA,76,,1075,10.8,.435,.423,11.7,18.9,15.3,4.7,1.2,2.4,14.8,15.5,92,98,-0.1,1.5,1.5,.067,.423,,.563
520,Otto Moore,1976-77,30,NOJ,NBA,81,,2084,11.5,.445,.405,8.0,21.3,14.8,11.2,1.2,2.9,,,,96,-0.3,3.2,2.9,.067,.405,,.679
521,Otto Moore,1971-72,25,PHO,NBA,81,,1624,12.1,.461,.436,,,15.9,7.3,,,,,,,-0.2,2.4,2.3,.067,.436,,.603
522,Otto Moore,1969-70,23,DET,NBA,81,,2523,14.3,.511,.476,,,,5.5,,,,,,,2.0,1.5,3.5,.067,.476,,.636
523,Kurt Nimphius,1985-86,27,TOT,NBA,80,66,2226,12.6,.554,.506,7.5,15.1,11.2,3.9,0.7,2.5,12.9,16.8,109,112,2.2,0.9,3.1,.067,.506,.000,.740
524,Mark West,1998-99,38,ATL,NBA,49,0,499,6.5,.381,.373,11.6,17.7,14.7,4.4,0.5,3.3,17.7,9.0,90,97,-0.1,0.8,0.7,.067,.373,,.356
525,Herb Williams,1982-83,24,IND,NBA,78,74,2513,17.4,.522,.499,6.2,19.5,12.5,14.8,1.0,3.8,15.4,23.3,101,107,1.7,1.8,3.5,.067,.499,.000,.705
526,John Gianelli,1977-78,27,MIL,NBA,82,,2327,11.7,.507,.488,7.4,15.9,11.5,10.1,1.0,2.0,17.7,13.5,100,103,1.4,1.8,3.2,.066,.488,,.642
527,Rich Kelley,1984-85,31,UTA,NBA,77,34,1276,8.5,.547,.477,9.8,18.4,14.2,11.8,1.5,1.3,31.9,12.1,95,102,-0.5,2.2,1.7,.066,.477,.000,.750
528,Kevin Kunnert,1978-79,27,SDC,NBA,81,,1684,12.8,.487,.467,12.7,23.2,18.0,8.3,1.2,3.5,20.8,15.3,99,104,0.5,1.8,2.3,.066,.467,,.659
529,John Lambert,1979-80,27,CLE,NBA,74,,1324,10.4,.453,.413,10.5,17.8,14.0,5.1,1.6,1.7,12.6,14.7,100,105,0.4,1.5,1.8,.066,.413,.000,.723
530,Erwin Mueller,1967-68,23,TOT,NBA,74,,1788,10.9,.485,.456,,,,10.8,,,,,,,0.8,1.6,2.5,.066,.456,,.578
531,Mychal Thompson,1986-87,32,TOT,NBA,82,7,1890,13.9,.506,.451,8.1,16.1,12.0,8.5,1.1,2.1,12.6,22.6,103,109,0.8,1.8,2.6,.066,.450,.500,.737
532,Harvey Catchings,1975-76,24,PHI,NBA,75,,1731,9.6,.464,.426,10.7,18.3,14.5,4.5,0.5,4.9,,,,96,0.0,2.3,2.3,.065,.426,,.604
533,Olden Polynice,1998-99,34,SEA,NBA,48,47,1481,11.8,.461,.473,14.2,19.0,16.6,4.7,0.7,1.5,10.9,13.7,103,106,1.3,0.7,2.0,.065,.472,1.000,.309
534,Jeff Wilkins,1983-84,28,UTA,NBA,81,1,1734,10.9,.527,.479,7.0,19.8,13.8,5.5,0.7,1.3,15.4,16.3,102,107,0.5,1.9,2.3,.065,.479,.000,.736
535,Alvan Adams,1987-88,33,PHO,NBA,82,25,1646,13.1,.543,.497,8.0,17.0,12.5,14.9,2.4,1.4,19.9,17.4,103,109,0.6,1.6,2.2,.064,.496,.500,.844
536,Nathaniel Clifton,1952-53,30,NYK,NBA,70,,2496,15.4,.394,.343,,,,,,,,,,,-1.1,4.4,3.3,.064,.343,,.583
537,Rich Kelley,1981-82,28,PHO,NBA,81,39,1892,12.5,.530,.467,10.1,18.8,14.5,20.4,1.6,2.1,28.8,18.5,95,101,-0.9,3.4,2.5,.064,.467,.000,.749
538,Joe Meriweather,1978-79,25,TOT,NBA,77,,1693,11.4,.524,.484,8.8,16.0,12.5,6.0,1.1,2.8,18.3,16.3,99,104,0.6,1.7,2.3,.064,.484,,.674
539,Stan Miasek,1952-53,28,TOT,NBA,65,,1584,13.8,.429,.365,,,,,,,,,,,0.7,1.4,2.1,.064,.365,,.629
540,Erwin Mueller,1969-70,25,TOT,NBA,78,,2353,12.2,.518,.464,,,,11.3,,,,,,,2.0,1.1,3.2,.064,.464,,.719
541,Jim Barnes,1964-65,23,NYK,NBA,75,,2586,13.7,.469,.424,,,,5.3,,,,,,,1.8,1.6,3.4,.063,.424,,.662
542,Jim Barnes,1965-66,24,TOT,NBA,73,,2191,12.8,.476,.425,,,,5.5,,,,,,,1.3,1.6,2.9,.063,.425,,.684
543,Coby Dietrick,1977-78,29,SAS,NBA,79,,1876,11.3,.496,.460,4.3,15.3,10.0,14.0,1.9,1.4,19.5,15.2,95,101,0.5,2.0,2.5,.063,.460,,.781
544,Leon Douglas,1976-77,22,DET,NBA,82,,1626,13.3,.503,.479,11.5,22.0,16.8,5.2,1.2,2.6,,,,99,0.3,1.8,2.1,.063,.479,,.555
545,John Gianelli,1976-77,26,TOT,NBA,76,,1913,11.5,.476,.444,8.3,17.1,12.7,5.9,0.8,2.6,,,,101,0.8,1.7,2.5,.063,.444,,.720
546,Brad Lohaus,1987-88,23,BOS,NBA,70,4,718,12.2,.543,.502,8.1,14.2,11.4,9.2,1.4,3.3,17.8,19.9,102,108,0.2,0.8,0.9,.063,.496,.231,.806
547,Leroy Ellis,1965-66,25,LAL,NBA,80,,2219,13.0,.467,.424,,,,4.4,,,,,,,0.9,1.9,2.8,.062,.424,,.727
548,Ed Kalafat,1955-56,23,MNL,NBA,72,,1639,12.6,.441,.359,,,,,,,,,,,0.8,1.3,2.1,.062,.359,,.738
549,Jon Koncak,1990-91,27,ATL,NBA,77,61,1931,8.4,.454,.438,5.5,16.0,10.6,8.3,1.9,2.4,12.7,8.4,105,108,0.6,1.9,2.5,.062,.436,.125,.593
550,Jerome Whitehead,1987-88,31,GSW,NBA,72,27,1221,10.8,.514,.483,9.7,19.8,14.6,4.4,1.2,1.0,11.0,14.8,107,112,0.9,0.7,1.6,.062,.483,,.720
551,Coby Dietrick,1976-77,28,SAS,NBA,82,,1772,12.8,.497,.460,6.5,15.0,10.8,10.7,2.1,1.6,,,,101,0.7,1.6,2.3,.061,.460,,.717
552,Wayne Embry,1959-60,22,CIN,NBA,73,,1594,16.1,.464,.439,,,,,,,,,,,1.6,0.5,2.0,.061,.439,,.514
553,Bob Ferry,1962-63,25,DET,NBA,79,,2479,12.6,.473,.433,,,,,,,,,,,1.2,2.0,3.1,.061,.433,,.649
554,Clemon Johnson,1987-88,31,SEA,NBA,74,26,723,7.1,.504,.467,10.0,17.2,13.5,2.9,0.9,2.1,19.6,8.2,105,108,0.2,0.7,0.9,.061,.467,,.688
555,George Johnson,1978-79,30,NJN,NBA,78,,2058,11.1,.475,.427,9.9,22.1,15.7,5.5,1.4,6.6,24.7,13.2,88,97,-1.3,3.9,2.6,.061,.427,,.761
556,Mel Counts,1969-70,28,LAL,NBA,81,,2193,13.9,.463,.427,,,,10.0,,,,,,,-0.5,3.2,2.7,.060,.427,,.776
557,Pete Cross,1971-72,23,SEA,NBA,74,,1424,12.2,.488,.428,,,17.0,5.8,,,,,,,0.6,1.2,1.8,.060,.428,,.736
558,Walt Davis,1956-57,26,PHW,NBA,65,,1250,9.8,.445,.407,,,,,,,,,,,0.8,0.8,1.6,.060,.407,,.698
559,Clemon Johnson,1983-84,27,PHI,NBA,80,10,1721,9.1,.493,.468,8.9,17.1,13.1,4.3,1.0,2.2,17.1,13.4,98,105,-0.2,2.3,2.2,.060,.468,,.611
560,George Johnson,1979-80,31,NJN,NBA,81,,2119,11.8,.489,.457,9.4,20.1,14.7,10.8,1.1,6.7,25.0,14.5,90,99,-1.3,3.9,2.6,.060,.457,.000,.706
561,Paul Mokeski,1982-83,26,TOT,NBA,73,19,1128,8.3,.497,.458,7.6,18.1,12.9,5.8,0.9,2.2,18.8,13.2,96,103,0.0,1.4,1.4,.060,.458,.000,.735
562,Otto Moore,1970-71,24,DET,NBA,82,,1926,14.0,.468,.445,,,17.6,6.4,,,,,,,0.3,2.1,2.4,.060,.445,,.553
563,Zaid Abdul-Aziz,1969-70,23,MIL,NBA,80,,1637,12.4,.473,.434,,,,4.5,,,,,,,0.0,2.0,2.0,.059,.434,,.643
564,Joe Barry Carroll,1985-86,27,GSW,NBA,79,79,2801,17.2,.516,.463,7.2,19.2,13.0,9.1,1.7,2.8,14.5,26.6,101,109,1.1,2.4,3.4,.059,.463,.000,.752
565,Connie Simmons,1953-54,28,NYK,NBA,72,,2006,14.8,.425,.358,,,,,,,,,,,1.0,1.5,2.5,.059,.358,,.689
566,Charlie Tyra,1959-60,24,NYK,NBA,74,,2033,12.9,.461,.431,,,,,,,,,,,1.6,0.8,2.5,.059,.431,,.704
567,Jerome Whitehead,1986-87,30,GSW,NBA,73,1,937,10.8,.495,.450,12.7,17.9,15.3,3.5,0.8,0.7,11.7,18.4,105,111,0.5,0.6,1.2,.059,.450,.000,.699
568,Herb Williams,1983-84,25,IND,NBA,69,53,2279,14.8,.520,.478,7.5,19.3,13.4,13.7,1.2,2.7,17.3,21.7,98,105,-0.3,3.1,2.8,.059,.478,.000,.702
569,Pete Cross,1970-71,22,SEA,NBA,79,,2194,13.1,.490,.442,,,19.8,6.3,,,,,,,1.0,1.6,2.6,.058,.442,,.690
570,Kevin Kunnert,1977-78,26,HOU,NBA,80,,2152,13.6,.460,.437,12.6,21.9,17.1,6.2,1.0,2.2,13.5,19.3,97,104,1.2,1.4,2.6,.058,.437,,.689
571,Alton Lister,1990-91,32,GSW,NBA,77,65,1552,10.7,.509,.478,8.6,25.7,17.1,7.7,0.6,3.4,18.0,15.1,100,107,0.2,1.7,1.9,.058,.478,.000,.569
572,Olden Polynice,2000-01,36,UTA,NBA,81,79,1619,9.9,.484,.496,12.3,16.6,14.5,3.1,0.9,3.9,15.0,14.8,96,102,0.2,1.8,2.0,.058,.496,.000,.262
573,Danny Schayes,1992-93,33,MIL,NBA,70,7,1124,10.6,.498,.399,7.3,18.4,12.8,9.4,1.6,2.1,16.7,14.8,102,109,0.3,1.1,1.4,.058,.399,.000,.818
574,LaSalle Thompson,1991-92,30,IND,NBA,80,49,1299,10.9,.505,.468,8.8,22.9,16.2,10.5,1.9,1.6,20.1,15.8,98,106,-0.2,1.7,1.6,.058,.468,.000,.817
575,Walt Davis,1954-55,24,PHW,NBA,61,,766,9.4,.431,.385,,,,,,,,,,,0.1,0.8,0.9,.057,.385,,.729
576,Connie Dierking,1968-69,32,CIN,NBA,82,,2540,16.1,.486,.443,,,,12.8,,,,,,,2.5,0.5,3.0,.057,.443,,.762
577,Leon Douglas,1979-80,25,DET,NBA,70,,1782,11.4,.529,.486,10.0,19.6,14.8,8.5,0.8,1.8,19.1,14.3,103,109,1.0,1.1,2.1,.057,.486,.000,.676
578,Bob Elliott,1980-81,25,NJN,NBA,73,,1320,12.3,.541,.512,8.7,13.7,11.2,13.7,1.2,0.7,19.0,18.8,101,108,0.6,0.9,1.6,.057,.511,.500,.599
579,Wayne Embry,1958-59,21,CIN,NBA,66,,1590,16.3,.446,.387,,,,,,,,,,,1.2,0.7,1.9,.057,.387,,.656
580,Bob Hopkins,1959-60,25,SYR,NBA,75,,1616,11.1,.441,.389,,,,,,,,,,,0.4,1.5,1.9,.057,.389,,.782
581,Mark McNamara,1983-84,24,SAS,NBA,70,3,1037,11.9,.602,.621,14.3,18.2,16.3,3.6,0.6,0.6,21.7,15.4,106,112,0.7,0.5,1.2,.057,.621,,.471
582,Jim Chones,1978-79,29,CLE,NBA,82,,2850,13.7,.472,.440,9.4,23.8,16.2,8.6,0.8,2.0,13.8,18.9,98,106,1.0,2.3,3.3,.056,.440,,.735
583,Steve Johnson,1988-89,31,POR,NBA,72,11,1477,12.4,.536,.524,9.6,17.0,13.2,9.7,0.6,1.7,17.2,21.2,102,109,0.5,1.3,1.7,.056,.524,,.527
584,Olden Polynice,1996-97,32,SAC,NBA,82,82,2893,13.1,.476,.457,10.9,20.4,15.6,10.2,0.8,2.1,13.4,19.3,100,108,0.6,2.7,3.3,.055,.457,.000,.562
585,LaSalle Thompson,1989-90,28,IND,NBA,82,60,2126,10.3,.523,.475,10.1,23.9,17.3,6.7,1.5,2.0,22.1,13.9,99,107,0.0,2.5,2.4,.055,.473,.200,.799
586,Nathaniel Clifton,1953-54,31,NYK,NBA,72,,2179,14.8,.419,.368,,,,,,,,,,,0.7,1.7,2.4,.054,.368,,.628
587,Stuart Gray,1988-89,25,IND,NBA,72,0,783,9.1,.519,.471,12.6,21.6,17.3,4.9,0.7,1.6,20.9,12.2,102,109,0.2,0.7,0.9,.054,.471,.000,.688
588,Leroy Ellis,1963-64,23,LAL,NBA,78,,1459,12.1,.467,.423,,,,,,,,,,,0.6,1.0,1.6,.053,.423,,.659
589,Connie Dierking,1964-65,28,TOT,NBA,68,,1294,13.2,.438,.405,,,,7.9,,,,,,,-0.1,1.5,1.4,.052,.405,,.595
590,Leroy Ellis,1966-67,26,BAL,NBA,81,,2938,13.6,.466,.425,,,,7.5,,,,,,,0.7,2.5,3.2,.052,.425,,.738
591,Kurt Nimphius,1987-88,29,SAS,NBA,72,7,919,10.9,.538,.498,7.2,10.8,9.0,7.2,1.1,3.3,14.3,14.7,107,113,0.6,0.4,1.0,.052,.498,.000,.723
592,Bob Rule,1971-72,27,TOT,NBA,76,,2230,14.3,.476,.436,,,10.9,7.5,,,,,,,0.6,1.8,2.4,.052,.436,,.675
593,Tony Battie,2004-05,28,ORL,NBA,81,32,1894,8.6,.498,.460,6.5,20.0,13.4,3.2,0.8,3.0,17.0,11.0,98,106,0.1,1.9,2.0,.051,.460,.000,.723
594,Wayne Cooper,1980-81,24,UTA,NBA,71,,1420,12.2,.479,.453,13.6,21.9,17.8,5.3,0.6,2.1,13.1,17.8,100,108,0.5,1.0,1.5,.051,.452,.333,.689
595,Harvey Catchings,1984-85,33,LAC,NBA,70,14,1049,7.8,.539,.483,9.7,17.7,13.8,1.6,0.7,2.9,22.6,9.5,101,109,0.1,1.0,1.1,.050,.483,.000,.663
596,Wayne Embry,1967-68,30,BOS,NBA,78,,1088,11.7,.439,.400,,,,6.3,,,,,,,-0.7,1.8,1.1,.050,.400,,.589
597,Caldwell Jones,1982-83,32,HOU,NBA,82,82,2440,12.3,.505,.453,9.2,20.9,14.7,7.9,0.9,3.0,18.2,15.4,98,106,0.4,2.1,2.5,.050,.453,.000,.786
598,Jim Krebs,1957-58,22,MNL,NBA,68,,1259,14.2,.441,.378,,,,,,,,,,,0.8,0.5,1.3,.050,.378,,.767
599,Danny Schayes,1981-82,22,UTA,NBA,82,20,1623,13.2,.532,.481,8.5,20.0,14.1,11.6,1.3,2.4,20.0,18.7,101,109,0.4,1.3,1.7,.050,.481,.000,.757
600,Connie Dierking,1958-59,22,SYR,NBA,64,,726,10.7,.417,.362,,,,,,,,,,,-0.1,0.9,0.7,.049,.362,,.593
601,Olden Polynice,1997-98,33,SAC,NBA,70,25,1458,14.7,.464,.459,12.9,20.8,16.8,12.7,1.3,2.1,14.2,21.1,96,104,-0.1,1.6,1.5,.049,.459,.000,.452
602,Jeff Wilkins,1982-83,27,UTA,NBA,81,34,2307,11.6,.517,.477,7.0,19.0,13.2,7.9,0.8,0.9,17.1,18.5,97,105,0.1,2.3,2.4,.049,.477,.000,.780
603,Jim Barnes,1969-70,28,BOS,NBA,77,,1049,11.3,.460,.410,,,,6.6,,,,,,,-0.3,1.4,1.1,.048,.410,,.742
604,Tom LaGarde,1980-81,25,DAL,NBA,82,,2670,13.5,.518,.470,7.3,21.6,14.2,13.6,0.6,1.0,16.0,20.2,101,110,1.3,1.4,2.7,.048,.470,,.649
605,Earl Williams,1974-75,23,PHO,NBA,79,,1040,15.2,.422,.414,15.2,30.1,22.5,13.1,1.2,1.7,,,,94,-0.5,1.6,1.0,.048,.414,,.437
606,Herb Williams,1989-90,31,DAL,NBA,81,19,2199,10.4,.476,.445,4.0,16.0,10.1,7.9,1.2,3.0,12.6,16.8,97,106,-0.6,2.8,2.2,.048,.444,.222,.679
607,Mike Brown,1992-93,29,UTA,NBA,82,21,1551,9.4,.483,.430,11.2,17.3,14.4,5.6,1.0,1.0,16.5,16.0,99,108,-0.1,1.6,1.5,.047,.430,.000,.689
608,Bob Ferry,1965-66,28,BAL,NBA,66,,1229,12.3,.457,.411,,,,11.6,,,,,,,0.3,0.9,1.2,.047,.411,,.669
609,Bob McAdoo *,1979-80,28,DET,NBA,58,,2097,16.3,.524,.481,5.0,18.5,11.7,13.9,1.6,1.6,16.9,25.8,98,108,0.5,1.6,2.0,.047,.480,.125,.730
610,Patrick Ewing *,2000-01,38,SEA,NBA,79,79,2107,12.9,.478,.430,6.8,25.0,15.9,7.0,1.3,3.1,16.0,20.3,93,102,-0.5,2.5,2.0,.046,.430,.000,.685
611,Paul Mokeski,1980-81,24,DET,NBA,80,,1815,10.3,.520,.489,8.5,18.8,13.4,10.7,1.0,2.4,22.7,15.7,95,105,-0.4,2.1,1.7,.046,.489,.000,.600
612,Charlie Tyra,1958-59,23,NYK,NBA,69,,1586,12.0,.442,.396,,,,,,,,,,,0.6,0.9,1.5,.046,.396,,.679
613,Charlie Tyra,1957-58,22,NYK,NBA,68,,1182,13.5,.425,.357,,,,,,,,,,,0.3,0.9,1.1,.046,.357,,.670
614,Len Elmore,1982-83,30,NJN,NBA,74,0,975,8.2,.441,.398,9.5,18.0,13.8,5.1,2.1,2.3,22.8,14.7,85,97,-1.0,1.9,0.9,.045,.398,.000,.643
615,Phil Jordon,1959-60,26,CIN,NBA,75,,2066,15.3,.449,.393,,,,,,,,,,,1.4,0.6,1.9,.045,.393,,.716
616,Jim Krebs,1959-60,24,MNL,NBA,75,,1269,11.0,.430,.392,,,,,,,,,,,0.0,1.2,1.2,.045,.392,,.721
617,Jim Davis,1971-72,30,TOT,NBA,75,,983,12.5,.486,.435,,,13.3,7.1,,,,,,,0.5,0.4,0.9,.044,.435,,.649
618,Bob Ferry,1964-65,27,BAL,NBA,77,,1280,10.8,.479,.423,,,,6.1,,,,,,,0.9,0.3,1.2,.044,.423,,.613
619,Jim Krebs,1958-59,23,MNL,NBA,72,,1578,12.4,.432,.399,,,,,,,,,,,0.3,1.2,1.5,.044,.399,,.748
620,John Lambert,1978-79,26,CLE,NBA,70,,1030,10.9,.469,.450,11.6,19.7,15.4,5.5,1.1,1.5,15.5,16.1,97,106,0.2,0.8,0.9,.044,.450,,.636
621,Red Rocha,1956-57,33,FTW,NBA,72,,1154,11.0,.420,.349,,,,,,,,,,,0.2,0.8,1.0,.044,.349,,.757
622,Herb Williams,1987-88,29,IND,NBA,75,37,1966,12.0,.463,.425,6.5,19.6,13.1,7.0,0.9,4.4,12.8,19.9,94,104,-1.1,2.9,1.8,.044,.425,.000,.737
623,Rick Mahorn,1985-86,27,DET,NBA,80,12,1442,8.8,.497,.455,8.7,21.9,15.2,5.3,1.3,2.4,21.5,13.7,94,105,-0.6,1.9,1.3,.043,.455,.000,.681
624,Scott Lloyd,1977-78,25,TOT,NBA,70,,678,9.2,.469,.415,8.2,14.6,11.4,8.5,0.9,1.1,16.2,15.5,96,104,0.2,0.4,0.6,.042,.415,,.721
625,Hub Reed,1961-62,25,CIN,NBA,80,,1446,8.8,.470,.441,,,,,,,,,,,0.6,0.6,1.3,.042,.441,,.732
626,Walt Davis,1957-58,27,TOT,NBA,61,,663,8.0,.412,.348,,,,,,,,,,,-0.1,0.6,0.6,.041,.348,,.744
627,Danny Schayes,1982-83,23,TOT,NBA,82,50,2284,12.1,.519,.457,9.1,19.0,14.1,11.7,1.0,2.2,22.4,19.1,95,105,-0.4,2.3,2.0,.041,.457,.000,.773
628,Herb Williams,1984-85,26,IND,NBA,75,70,2557,15.5,.505,.475,6.3,20.0,13.1,15.0,1.0,2.9,16.3,25.0,97,106,-1.0,3.1,2.2,.041,.475,.111,.657
629,Nathaniel Clifton,1956-57,34,NYK,NBA,71,,2231,12.1,.417,.377,,,,,,,,,,,0.2,1.6,1.8,.040,.377,,.673
630,George Johnson,1977-78,29,NJN,NBA,81,,2411,11.6,.438,.395,9.4,22.6,15.7,6.0,1.4,5.9,21.6,15.7,84,95,-2.2,4.2,2.0,.040,.395,,.719
631,Jack Nichols,1957-58,31,BOS,NBA,69,,1224,9.3,.384,.351,,,,,,,,,,,-0.9,1.9,1.0,.040,.351,,.738
632,Jack Nichols,1954-55,28,BOS,NBA,64,,1910,12.0,.433,.380,,,,,,,,,,,0.6,1.0,1.6,.040,.380,,.780
633,Joe Barry Carroll,1987-88,29,TOT,NBA,77,30,2004,13.6,.477,.435,6.9,18.9,12.9,8.3,1.2,3.0,13.8,23.8,95,105,-1.1,2.7,1.6,.039,.435,.000,.764
634,Hub Reed,1960-61,24,CIN,NBA,75,,1216,10.2,.475,.429,,,,,,,,,,,0.9,0.1,1.0,.039,.429,,.697
635,Mike Brown,1993-94,30,MIN,NBA,82,40,1921,7.2,.479,.427,7.4,19.6,13.6,5.4,1.3,1.0,19.4,8.8,97,108,0.0,1.6,1.5,.038,.427,.000,.653
636,Leroy Ellis,1972-73,32,TOT,NBA,79,,2600,13.1,.467,.434,,,13.3,7.5,,,,,,,0.4,1.6,2.1,.038,.434,,.801
637,Wayne Embry,1965-66,28,CIN,NBA,80,,1882,9.2,.454,.411,,,,5.3,,,,,,,0.2,1.3,1.5,.038,.411,,.603
638,Jim Krebs,1960-61,25,LAL,NBA,75,,1655,10.0,.421,.392,,,,,,,,,,,-0.6,1.8,1.3,.037,.392,,.806
639,Nathaniel Clifton,1951-52,29,NYK,NBA,62,,2101,16.4,.391,.335,,,,,,,,,,,-0.7,2.3,1.6,.036,.335,,.664
640,Walt Davis,1955-56,25,PHW,NBA,70,,1097,7.7,.422,.369,,,,,,,,,,,0.0,0.9,0.8,.036,.369,,.688
641,Eric Leckner,1993-94,27,PHI,NBA,71,36,1163,10.4,.527,.486,7.1,19.6,13.3,11.1,0.8,1.8,20.0,16.0,98,109,0.1,0.8,0.9,.036,.486,.000,.646
642,Steve Hawes,1982-83,32,TOT,NBA,77,4,1416,8.6,.464,.424,6.2,20.7,13.6,8.9,1.3,0.5,19.9,15.6,89,102,-1.0,2.0,1.0,.035,.418,.238,.734
643,Rickey Brown,1982-83,24,TOT,NBA,76,7,1048,10.1,.505,.479,9.2,18.4,13.7,3.3,0.6,1.4,17.2,18.2,96,107,-0.1,0.8,0.7,.034,.479,.000,.619
644,Jon Koncak,1991-92,28,ATL,NBA,77,14,1489,7.4,.406,.391,4.3,14.5,9.3,11.0,1.6,2.7,15.4,9.7,94,108,-0.5,1.6,1.1,.034,.391,.000,.655
645,Brad Lohaus,1988-89,24,TOT,NBA,77,25,1214,11.6,.472,.433,7.7,15.8,11.8,7.7,1.2,2.7,12.7,20.7,97,109,-0.3,1.1,0.9,.034,.432,.091,.786
646,Caldwell Jones,1988-89,38,POR,NBA,72,40,1279,6.8,.481,.421,7.2,18.6,12.7,5.3,0.9,3.9,28.3,8.8,90,107,-0.6,1.5,0.8,.031,.421,.000,.787
647,Erwin Mueller,1968-69,24,TOT,NBA,78,,1355,10.7,.414,.375,,,,18.1,,,,,,,-0.9,1.7,0.9,.031,.375,,.549
648,LaSalle Thompson,1990-91,29,IND,NBA,82,77,1946,11.2,.512,.489,9.4,23.3,16.6,10.4,1.6,1.9,21.6,16.8,96,108,-0.7,1.9,1.2,.030,.488,.200,.692
649,Darren Tillis,1983-84,23,GSW,NBA,72,1,730,9.5,.456,.425,10.4,17.5,13.7,4.4,0.8,4.6,15.3,17.7,95,107,-0.3,0.8,0.5,.030,.425,.000,.651
650,Connie Dierking,1969-70,33,CIN,NBA,76,,2448,13.6,.462,.419,,,,9.4,,,,,,,-0.7,2.2,1.5,.029,.419,,.752
651,Ed Kalafat,1954-55,22,MNL,NBA,72,,1102,9.7,.386,.315,,,,,,,,,,,-0.9,1.6,0.7,.029,.315,,.661
652,Walt Davis,1953-54,23,PHW,NBA,68,,1568,11.2,.399,.367,,,,,,,,,,,-0.5,1.4,0.9,.028,.367,,.644
653,Otto Moore,1968-69,22,DET,NBA,74,,1605,11.7,.461,.443,,,,5.6,,,,,,,0.3,0.6,0.9,.027,.443,,.524
654,Herb Williams,1988-89,30,TOT,NBA,76,66,2470,10.6,.471,.436,6.3,19.7,13.3,7.1,0.9,3.2,15.3,16.6,94,108,-1.2,2.6,1.4,.027,.436,.000,.686
655,Connie Dierking,1966-67,30,CIN,NBA,77,,1905,12.0,.443,.399,,,,10.6,,,,,,,-0.5,1.4,1.0,.024,.399,,.744
656,Phil Jordon,1962-63,29,STL,NBA,73,,1420,9.5,.418,.400,,,,,,,,,,,-1.2,1.9,0.7,.024,.400,,.554
657,Red Kerr,1964-65,32,PHI,NBA,80,,1810,13.2,.412,.370,,,,14.8,,,,,,,-1.2,2.1,0.9,.024,.370,,.696
658,Tom LaGarde,1977-78,22,DEN,NBA,77,,868,8.2,.505,.405,9.2,15.9,12.7,6.9,0.9,1.0,25.0,17.8,90,103,-0.3,0.7,0.4,.024,.405,,.760
659,Marcus Camby,1997-98,23,TOR,NBA,63,58,2002,15.9,.448,.412,10.9,15.3,13.0,9.4,1.8,7.9,13.6,21.6,94,107,-0.6,1.5,0.9,.022,.412,.000,.611
660,Connie Dierking,1959-60,23,SYR,NBA,71,,1119,12.3,.404,.365,,,,,,,,,,,-0.8,1.3,0.5,.022,.365,,.574
661,Scott Lloyd,1980-81,28,DAL,NBA,72,,2186,9.3,.500,.448,8.1,15.8,11.8,10.4,0.8,0.7,18.5,15.0,98,111,0.2,0.7,1.0,.021,.448,.000,.717
662,Ed Mikan,1951-52,26,PHW,NBA,66,,1781,11.5,.409,.354,,,,,,,,,,,0.0,0.8,0.8,.021,.354,,.784
663,Jeff Wilkins,1981-82,26,UTA,NBA,82,62,2274,10.5,.481,.437,5.6,23.6,14.4,5.0,0.7,1.8,14.4,16.4,96,110,-0.5,1.5,1.0,.021,.437,.000,.778
664,Herb Williams,1991-92,33,DAL,NBA,75,26,2040,12.6,.464,.432,5.4,18.7,11.8,7.6,0.9,2.9,11.0,21.9,95,109,-1.0,1.9,0.8,.020,.431,.167,.725
665,Joe Barry Carroll,1989-90,31,TOT,NBA,76,47,1721,12.6,.455,.411,7.7,20.3,13.6,8.2,1.3,3.9,14.5,22.6,92,105,-1.7,2.4,0.7,.019,.411,.000,.774
666,Nathaniel Clifton,1957-58,35,DET,NBA,68,,1435,10.4,.397,.363,,,,,,,,,,,-0.7,1.2,0.5,.017,.363,,.623
667,Jerome Whitehead,1985-86,29,GSW,NBA,81,3,1079,7.9,.463,.429,9.1,24.4,16.5,2.2,0.8,1.0,16.0,14.6,94,110,-0.4,0.7,0.3,.013,.429,,.619
668,Jeff Wilkins,1985-86,30,TOT,NBA,75,4,1126,7.2,.424,.393,7.5,19.2,13.4,5.5,0.5,1.0,11.1,16.7,91,108,-0.8,1.1,0.3,.012,.393,,.624
669,Cherokee Parks,1998-99,26,VAN,NBA,48,41,1118,9.5,.445,.429,7.8,18.0,12.8,5.7,1.3,1.9,14.1,14.3,92,107,-0.2,0.5,0.2,.010,.429,.000,.545
670,Phil Jordon,1960-61,27,TOT,NBA,79,,2064,13.2,.432,.383,,,,,,,,,,,0.0,0.4,0.4,.009,.383,,.694
671,Eric Leckner,1990-91,24,TOT,NBA,72,2,1122,7.5,.473,.446,8.1,22.4,15.1,5.0,0.6,1.2,16.8,15.8,92,109,-0.8,1.0,0.2,.007,.446,,.559
672,Charlie Tyra,1961-62,26,CHP,NBA,78,,1606,10.8,.413,.361,,,,,,,,,,,-1.0,1.2,0.2,.007,.361,,.621
673,Eddie Miller,1952-53,21,TOT,NBA,70,,2018,15.4,.404,.350,,,,,,,,,,,-0.7,0.9,0.2,.005,.350,,.652
674,Connie Dierking,1963-64,27,PHI,NBA,76,,1286,10.5,.422,.372,,,,,,,,,,,-0.9,1.0,0.1,.004,.372,,.675
675,Jim Krebs,1963-64,28,LAL,NBA,68,,975,9.8,.422,.375,,,,,,,,,,,-0.6,0.7,0.1,.004,.375,,.765
676,Manny Leaks,1972-73,27,PHI,NBA,82,,2530,11.1,.440,.404,,,11.9,5.1,,,,,,,-1.2,1.3,0.2,.003,.404,,.720
677,Connie Simmons,1955-56,30,ROC,NBA,68,,903,10.8,.378,.336,,,,,,,,,,,-1.4,1.5,0.1,.003,.336,,.605
678,Rick Roberson,1975-76,28,KCK,NBA,74,,709,10.3,.417,.406,10.5,23.2,16.8,10.1,1.2,1.3,,,,98,-0.7,0.8,0.0,.002,.406,,.408
679,John Amaechi,2000-01,30,ORL,NBA,82,36,1710,8.7,.455,.400,4.9,12.7,8.7,7.0,0.8,1.2,14.8,21.7,89,105,-1.3,1.4,0.0,.001,.400,.000,.631
680,Scott Lloyd,1978-79,26,TOT,NBA,72,,496,3.2,.389,.344,10.8,10.3,10.6,8.2,0.9,0.9,26.3,15.6,77,107,-0.9,0.3,-0.6,-0.058,.344,,.574
681,Ed Mikan,1952-53,27,TOT,NBA,62,,927,9.2,.351,.267,,,,,,,,,,,-1.6,0.9,-0.7,-0.038,.267,,.806
682,Charlie Tyra,1960-61,25,NYK,NBA,59,,1384,10.4,.414,.362,,,,,,,,,,,-0.6,0.5,-0.2,-0.006,.362,,.694
683,Scott Lloyd,1981-82,29,DAL,NBA,74,17,1047,5.9,.441,.382,6.3,11.6,8.9,8.5,0.7,0.4,15.4,15.1,93,112,-0.5,0.4,-0.1,-0.004,.379,.500,.758
684,Phil Jordon,1961-62,28,NYK,NBA,76,,2195,9.8,.409,.392,,,,,,,,,,,-1.9,1.7,-0.2,-0.003,.392,,.571
685,Gene Conley,1962-63,32,NYK,NBA,70,,1544,10.7,.430,.390,,,,,,,,,,,-1.0,0.9,-0.1,-0.002,.390,,.656
686,Gene Tormholen,1967-68,30,STL,NBA,77,,714,10.5,.399,.374,,,,12.8,,,,,,,-0.9,0.9,0.0,-0.001,.374,,.589
