1,LeBron James,2008-09,24,CLE,NBA,81,81,3054,31.7,.591,.530,4.3,19.0,11.9,38.0,2.4,2.4,11.0,33.8,122,99,13.7,6.5,20.3,.318,.489,.344,.780
2,LeBron James,2009-10,25,CLE,NBA,76,76,2966,31.1,.604,.545,3.0,18.5,11.1,41.8,2.2,2.0,12.3,33.5,121,102,13.3,5.2,18.5,.299,.503,.333,.767
3,LeBron James,2011-12,27,MIA,NBA,62,62,2326,30.7,.605,.554,5.0,19.7,12.6,33.6,2.6,1.7,13.3,32.0,118,97,10.0,4.5,14.5,.298,.531,.362,.771
4,Chet Walker *,1971-72,31,CHI,NBA,78,,2588,21.8,.583,.505,,,8.7,10.5,,,,,,,10.0,4.5,14.5,.268,.505,,.847
5,Paul Arizin *,1951-52,23,PHW,NBA,66,,2939,25.5,.546,.448,,,,,,,,,,,14.8,1.2,16.0,.261,.448,,.818
6,LeBron James,2012-13,28,MIA,NBA,18,18,676,28.9,.596,.576,5.3,22.4,14.4,34.1,1.8,1.8,10.8,29.5,119,105,2.8,0.7,3.5,.252,.539,.439,.650
7,LeBron James,2010-11,26,MIA,NBA,79,79,3063,27.3,.594,.541,3.3,18.7,11.4,34.9,2.1,1.3,13.8,31.5,116,102,10.3,5.3,15.6,.244,.510,.330,.759
8,LeBron James,2007-08,23,CLE,NBA,75,74,3027,29.1,.568,.518,4.9,17.8,11.1,37.3,2.4,2.1,11.4,33.5,116,104,10.7,4.6,15.2,.242,.484,.315,.712
9,Adrian Dantley *,1983-84,27,UTA,NBA,79,79,2984,24.6,.652,.558,6.7,9.0,7.9,16.2,0.9,0.1,12.4,28.2,126,112,13.0,1.6,14.6,.235,.558,.250,.859
10,Frank Ramsey *,1957-58,26,BOS,NBA,69,,2047,19.5,.513,.419,,,,,,,,,,,6.4,3.6,10.0,.234,.419,,.811
11,LeBron James,2005-06,21,CLE,NBA,79,79,3361,28.1,.568,.515,2.6,17.1,9.8,32.8,2.0,1.5,10.7,33.6,115,104,12.0,4.3,16.3,.232,.480,.335,.738
12,Julius Erving *,1980-81,30,PHI,NBA,82,,2874,25.1,.572,.522,10.0,14.6,12.5,19.8,2.8,2.8,13.1,28.4,113,97,7.8,6.1,13.8,.231,.521,.222,.787
13,Julius Erving *,1981-82,31,PHI,NBA,81,81,2789,25.9,.593,.547,9.3,13.0,11.2,18.1,2.8,2.9,11.4,28.1,117,102,8.7,4.6,13.3,.229,.546,.273,.763
14,Paul Arizin *,1958-59,30,PHW,NBA,70,,2799,21.9,.519,.431,,,,,,,,,,,10.0,3.0,13.0,.223,.431,,.813
15,Adrian Dantley *,1985-86,29,UTA,NBA,76,75,2744,24.6,.629,.563,7.2,8.5,7.8,16.7,1.1,0.1,11.4,30.0,121,109,10.4,2.3,12.8,.223,.563,.091,.791
16,Cliff Hagan *,1957-58,26,STL,NBA,70,,2190,22.6,.513,.443,,,,,,,,,,,7.7,2.4,10.0,.220,.443,,.768
17,Julius Erving *,1982-83,32,PHI,NBA,72,72,2421,23.1,.566,.518,7.9,13.3,10.7,16.5,2.2,3.0,12.6,25.5,115,99,6.8,4.1,10.9,.217,.517,.286,.759
18,John Drew,1975-76,21,ATL,NBA,77,,2351,25.3,.570,.502,12.2,16.9,14.5,10.9,2.7,0.7,,,,98,8.2,2.4,10.6,.216,.502,,.744
19,Paul Arizin *,1955-56,27,PHW,NBA,72,,2724,21.3,.526,.448,,,,,,,,,,,10.2,2.0,12.2,.214,.448,,.810
20,Paul Arizin *,1956-57,28,PHW,NBA,71,,2767,22.2,.515,.422,,,,,,,,,,,10.7,1.6,12.3,.213,.422,,.829
21,Julius Erving *,1979-80,29,PHI,NBA,78,,2812,25.4,.568,.520,8.6,12.9,10.9,21.4,2.8,2.7,13.3,30.3,111,99,7.3,5.2,12.5,.213,.519,.200,.787
22,Chet Walker *,1972-73,32,CHI,NBA,79,,2455,20.3,.543,.478,,,8.1,11.5,,,,,,,7.2,3.6,10.9,.213,.478,,.832
23,Marques Johnson,1980-81,24,MIL,NBA,76,,2542,22.0,.583,.552,10.1,12.4,11.3,19.7,2.1,0.9,12.6,23.3,118,102,7.6,3.6,11.2,.211,.552,.000,.706
24,Marques Johnson,1978-79,22,MIL,NBA,77,,2779,23.9,.586,.550,8.4,14.9,11.7,12.3,1.9,1.7,9.2,25.9,117,103,9.2,3.0,12.2,.211,.550,,.760
25,Adrian Dantley *,1987-88,31,DET,NBA,69,50,2144,19.9,.619,.514,4.5,7.3,5.9,11.9,0.9,0.3,10.8,24.2,124,109,7.5,1.9,9.4,.210,.514,.000,.860
26,Cliff Hagan *,1958-59,27,STL,NBA,72,,2702,22.7,.516,.456,,,,,,,,,,,9.0,2.8,11.7,.209,.456,,.774
27,Scottie Pippen *,1995-96,30,CHI,NBA,77,77,2825,21.0,.551,.525,6.3,14.2,10.2,25.2,2.5,1.5,13.2,24.4,116,101,7.0,5.3,12.3,.209,.463,.374,.679
28,George Yardley *,1957-58,29,DET,NBA,72,,2843,23.3,.505,.414,,,,,,,,,,,10.2,2.2,12.3,.208,.414,,.811
29,LeBron James,2006-07,22,CLE,NBA,78,78,3190,24.5,.552,.507,3.0,16.6,9.6,29.1,2.1,1.3,11.5,31.0,112,100,8.0,5.7,13.7,.206,.476,.319,.698
30,Marques Johnson,1979-80,23,MIL,NBA,77,,2686,22.0,.585,.545,9.0,13.7,11.4,15.1,1.7,1.4,11.5,23.9,118,103,8.0,3.5,11.5,.206,.544,.222,.791
31,Chet Walker *,1974-75,34,CHI,NBA,76,,2452,19.5,.568,.487,4.9,13.6,9.3,11.8,1.0,0.1,,,,97,7.6,2.9,10.5,.205,.487,,.860
32,Jack Twyman *,1957-58,23,CIN,NBA,72,,2178,18.9,.514,.452,,,,,,,,,,,7.0,2.2,9.3,.204,.452,,.775
33,Cliff Hagan *,1959-60,28,STL,NBA,75,,2798,22.0,.522,.464,,,,,,,,,,,9.3,2.5,11.8,.203,.464,,.803
34,LeBron James,2004-05,20,CLE,NBA,80,80,3388,25.7,.554,.504,3.8,17.0,10.2,32.9,2.8,1.1,11.8,29.7,114,103,9.7,4.6,14.3,.203,.472,.351,.750
35,Scottie Pippen *,1996-97,31,CHI,NBA,82,82,3095,21.3,.554,.531,5.9,13.3,9.7,24.3,2.7,1.1,12.5,24.6,115,101,7.8,5.2,13.1,.203,.474,.368,.701
36,Adrian Dantley *,1977-78,21,TOT,NBA,79,,2933,20.9,.595,.512,9.2,12.0,10.6,11.8,1.8,0.4,13.8,21.7,116,102,9.6,2.5,12.2,.199,.512,,.796
37,Peja Stojakovic,2002-03,25,SAC,NBA,72,72,2450,19.6,.600,.556,2.8,14.0,8.7,9.4,1.5,0.1,8.1,22.5,117,101,6.9,3.3,10.1,.199,.481,.382,.875
38,Peja Stojakovic,2003-04,26,SAC,NBA,81,81,3264,21.8,.624,.566,3.2,14.1,8.8,9.1,1.7,0.3,8.9,23.9,120,106,11.4,2.1,13.5,.198,.480,.433,.927
39,Dominique Wilkins *,1986-87,27,ATL,NBA,79,79,2969,23.5,.543,.472,7.7,10.3,9.0,14.9,1.9,1.0,9.2,32.3,115,107,8.4,3.7,12.2,.197,.463,.292,.818
40,James Posey,2003-04,27,MEM,NBA,82,82,2451,18.8,.614,.551,4.2,14.5,9.3,8.4,2.9,1.2,10.9,18.9,119,101,6.8,3.2,10.0,.195,.478,.386,.830
41,John Drew,1977-78,23,ATL,NBA,70,,2203,23.7,.545,.480,10.2,15.2,12.6,11.2,2.5,0.7,12.4,31.0,107,99,6.0,2.9,8.9,.194,.480,,.760
42,Scottie Pippen *,1993-94,28,CHI,NBA,72,72,2759,23.2,.544,.515,7.3,19.4,13.3,24.6,4.0,1.4,13.7,27.1,109,97,5.2,6.0,11.2,.194,.491,.320,.660
43,Ernie Vandeweghe,1952-53,24,NYK,NBA,61,,1745,18.8,.499,.435,,,,,,,,,,,4.7,2.3,7.1,.194,.435,,.766
44,Terry Dischinger,1963-64,23,BAL,NBA,80,,2816,19.6,.564,.496,,,,,,,,,,,9.5,1.9,11.3,.193,.496,,.776
45,Cliff Hagan *,1960-61,29,STL,NBA,77,,2701,20.1,.503,.444,,,,,,,,,,,6.4,4.4,10.8,.193,.444,,.820
46,Scottie Pippen *,1991-92,26,CHI,NBA,82,82,3164,21.5,.555,.511,6.9,15.8,11.5,25.8,2.5,1.8,14.0,24.6,114,102,7.1,5.5,12.7,.192,.506,.200,.760
47,Adrian Dantley *,1980-81,24,UTA,NBA,80,,3417,24.3,.622,.559,6.5,10.5,8.5,16.3,1.6,0.3,12.5,28.4,118,111,12.3,1.3,13.6,.191,.559,.286,.806
48,Chet Walker *,1973-74,33,CHI,NBA,82,,2661,18.5,.566,.486,5.0,10.9,7.9,12.2,1.2,0.1,,,,96,7.4,3.2,10.6,.191,.486,,.875
49,Dominique Wilkins *,1992-93,33,ATL,NBA,71,70,2647,24.3,.570,.506,7.6,12.9,10.1,14.9,1.3,0.6,9.0,31.9,119,112,9.1,1.4,10.5,.191,.468,.380,.828
50,Adrian Dantley *,1979-80,23,UTA,NBA,68,,2674,24.3,.635,.576,8.3,14.0,11.3,12.3,1.8,0.3,13.5,27.8,119,110,9.5,1.1,10.5,.189,.576,.000,.842
51,Julius Erving *,1976-77,26,PHI,NBA,82,,2940,20.9,.553,.499,6.9,16.2,11.8,15.9,2.4,1.9,,,,95,6.8,4.8,11.5,.188,.499,,.777
52,Scottie Pippen *,1994-95,29,CHI,NBA,79,79,3014,22.6,.559,.522,6.9,18.2,12.5,22.8,4.0,2.2,15.2,26.3,110,98,5.1,6.7,11.8,.188,.480,.345,.716
53,Adrian Dantley *,1981-82,25,UTA,NBA,81,81,3222,24.2,.631,.570,7.6,9.6,8.6,15.5,1.4,0.2,13.3,27.9,121,114,11.9,0.7,12.6,.187,.570,.333,.792
54,Ricky Pierce,1985-86,26,MIL,NBA,81,8,2147,16.6,.603,.539,4.9,7.0,6.0,11.6,1.8,0.2,10.3,19.5,122,106,5.7,2.6,8.3,.186,.538,.130,.858
55,Marques Johnson,1977-78,21,MIL,NBA,80,,2765,21.3,.563,.522,10.9,21.6,16.2,9.5,1.5,1.9,11.2,21.4,114,101,7.7,3.0,10.6,.185,.522,,.736
56,Dominique Wilkins *,1989-90,30,ATL,NBA,80,79,2888,24.6,.556,.502,8.4,12.4,10.4,11.8,2.2,1.0,8.3,30.4,118,112,9.3,1.8,11.1,.184,.484,.322,.807
57,Terry Dischinger,1964-65,24,DET,NBA,80,,2698,17.7,.543,.493,,,,10.7,,,,,,,7.7,2.6,10.3,.183,.493,,.755
58,Cliff Hagan *,1962-63,31,STL,NBA,79,,1716,21.2,.515,.465,,,,,,,,,,,4.1,2.4,6.5,.183,.465,,.800
59,Frank Ramsey *,1961-62,30,BOS,NBA,79,,1913,16.3,.504,.428,,,,,,,,,,,3.9,3.4,7.3,.183,.428,,.825
60,Adrian Dantley *,1986-87,30,DET,NBA,81,81,2736,18.6,.614,.534,4.2,8.7,6.5,8.8,1.1,0.1,11.3,23.7,121,109,7.8,2.5,10.3,.181,.534,.167,.812
61,Chet Walker *,1966-67,26,PHI,NBA,81,,2691,17.9,.557,.488,,,,8.8,,,,,,,7.4,2.7,10.1,.181,.488,,.766
62,Julius Erving *,1983-84,33,PHI,NBA,77,77,2683,22.9,.562,.515,8.3,14.1,11.2,19.3,2.5,3.0,13.0,27.2,112,102,5.6,4.5,10.1,.180,.512,.333,.754
63,Marques Johnson,1982-83,26,MIL,NBA,80,80,2853,21.1,.543,.511,7.9,13.5,10.8,20.3,1.7,1.1,11.0,25.7,111,102,6.6,4.1,10.7,.180,.509,.200,.735
64,Ricky Pierce,1986-87,27,MIL,NBA,79,31,2505,18.5,.606,.535,5.1,6.7,5.9,8.9,1.2,0.6,8.6,22.7,122,110,7.3,2.1,9.4,.180,.534,.107,.880
65,Jack Twyman *,1956-57,22,ROC,NBA,72,,2338,17.0,.496,.439,,,,,,,,,,,6.2,2.6,8.8,.180,.439,,.760
66,Stacey Augmon,1993-94,25,ATL,NBA,82,82,2605,17.9,.576,.510,7.5,9.2,8.3,11.0,2.9,1.1,12.3,19.8,116,102,5.7,4.0,9.7,.179,.510,.143,.764
67,Julius Erving *,1977-78,27,PHI,NBA,74,,2429,21.7,.555,.502,7.7,12.2,10.0,17.3,2.5,2.0,14.7,25.1,109,99,6.0,3.1,9.1,.179,.502,,.845
68,Scottie Pippen *,1990-91,25,CHI,NBA,82,82,3014,20.6,.561,.529,6.5,16.6,11.6,23.5,3.2,1.9,15.1,21.8,114,102,5.9,5.4,11.2,.179,.520,.309,.706
69,Peja Stojakovic,2001-02,24,SAC,NBA,71,71,2649,19.3,.592,.541,3.0,11.9,7.5,10.6,1.5,0.4,9.9,23.2,115,104,6.8,3.0,9.9,.179,.484,.416,.876
70,George Yardley *,1959-60,31,SYR,NBA,73,,2402,18.2,.522,.453,,,,,,,,,,,6.9,2.1,9.0,.179,.453,,.816
71,George Yardley *,1956-57,28,FTW,NBA,72,,2691,21.9,.498,.410,,,,,,,,,,,8.0,2.1,10.0,.179,.410,,.787
72,Chet Walker *,1970-71,30,CHI,NBA,81,,2927,18.9,.541,.465,,,9.5,9.4,,,,,,,7.5,3.4,10.9,.178,.465,,.859
73,John Drew,1978-79,24,ATL,NBA,79,,2410,21.7,.536,.473,9.7,13.9,11.7,8.1,2.5,0.4,11.2,30.9,109,103,6.1,2.8,8.9,.177,.473,,.731
74,Dominique Wilkins *,1990-91,31,ATL,NBA,81,81,3078,23.5,.555,.495,9.0,17.3,13.0,14.4,1.9,1.3,9.6,28.1,116,109,8.6,2.8,11.4,.177,.470,.341,.829
75,George Yardley *,1958-59,30,TOT,NBA,61,,1839,20.5,.495,.428,,,,,,,,,,,5.0,1.8,6.8,.177,.428,,.779
76,Chris Mullin *,1990-91,27,GSW,NBA,82,82,3315,21.4,.618,.550,4.7,10.0,7.4,14.9,2.4,1.1,12.6,23.5,121,110,9.7,2.4,12.2,.176,.536,.301,.884
77,Chris Mullin *,1989-90,26,GSW,NBA,78,78,2830,22.7,.643,.570,5.2,12.0,8.7,17.5,2.0,0.9,13.6,24.8,121,113,8.9,1.3,10.2,.174,.536,.372,.889
78,Ricky Pierce,1990-91,31,TOT,NBA,78,2,2167,21.0,.586,.505,3.6,6.9,5.3,13.0,1.4,0.4,9.7,29.7,118,112,6.7,1.2,7.9,.174,.485,.397,.913
79,Josh Howard,2006-07,26,DAL,NBA,70,69,2455,20.0,.548,.501,6.5,16.6,11.7,9.2,1.8,1.7,9.3,25.2,112,102,5.0,3.8,8.8,.173,.459,.385,.827
80,John Havlicek *,1972-73,32,BOS,NBA,80,,3367,18.6,.502,.450,,,7.6,21.3,,,,,,,4.9,7.2,12.1,.172,.450,,.858
81,Lou Hudson,1969-70,25,ATL,NBA,80,,3091,19.0,.576,.531,,,,12.8,,,,,,,9.8,1.3,11.1,.172,.531,,.824
82,Chet Walker *,1969-70,29,CHI,NBA,78,,2726,18.8,.559,.477,,,,10.2,,,,,,,7.0,2.7,9.8,.172,.477,,.850
83,Chet Walker *,1968-69,28,PHI,NBA,82,,2753,16.7,.548,.484,,,,7.0,,,,,,,6.8,2.9,9.8,.170,.484,,.804
84,Dominique Wilkins *,1985-86,26,ATL,NBA,78,78,3049,23.3,.536,.472,9.5,12.9,11.2,11.7,2.2,0.9,10.2,32.9,111,105,7.0,3.9,10.8,.170,.468,.186,.818
85,George Yardley *,1954-55,26,FTW,NBA,60,,2150,18.9,.492,.418,,,,,,,,,,,4.9,2.7,7.6,.170,.418,,.745
86,George Yardley *,1953-54,25,FTW,NBA,63,,1489,19.5,.484,.425,,,,,,,,,,,3.4,1.8,5.3,.170,.425,,.712
87,Walt Williams,1998-99,28,POR,NBA,48,16,1044,16.3,.566,.514,4.1,11.4,7.9,13.3,1.9,2.0,13.8,20.0,111,98,2.1,1.6,3.7,.169,.424,.438,.832
88,Paul Arizin *,1959-60,31,PHW,NBA,72,,2618,17.2,.492,.424,,,,,,,,,,,5.5,3.7,9.2,.168,.424,,.798
89,Lou Hudson,1968-69,24,ATL,NBA,81,,2869,18.7,.538,.492,,,,11.3,,,,,,,7.8,2.3,10.1,.168,.492,,.777
90,Chris Mullin *,1997-98,34,IND,NBA,82,82,2177,16.9,.607,.559,2.2,11.1,6.9,14.6,2.4,1.3,13.3,19.3,114,101,4.4,3.2,7.6,.168,.481,.440,.939
91,Peja Stojakovic,2000-01,23,SAC,NBA,75,75,2905,18.4,.576,.531,3.5,12.3,8.0,9.6,1.6,0.3,9.9,22.4,113,102,6.8,3.3,10.1,.168,.470,.400,.856
92,Adrian Dantley *,1976-77,20,BUF,NBA,77,,2816,18.3,.601,.520,8.9,12.1,10.5,7.7,1.4,0.3,,,,103,8.2,1.6,9.8,.167,.520,,.818
93,Chris Mullin *,1998-99,35,IND,NBA,50,50,1179,18.1,.616,.575,2.6,13.3,8.1,12.2,2.2,0.8,12.7,19.1,117,104,3.1,1.0,4.1,.167,.477,.465,.870
94,Ricky Pierce,1992-93,33,SEA,NBA,77,72,2218,19.2,.572,.508,3.0,7.2,5.1,15.5,2.3,0.2,11.5,26.3,116,108,5.4,2.3,7.7,.166,.489,.372,.889
95,Dominique Wilkins *,1988-89,29,ATL,NBA,80,80,2997,21.8,.528,.472,9.2,11.0,10.0,11.9,1.9,1.0,8.4,29.4,114,108,7.5,2.9,10.4,.166,.464,.276,.844
96,Chris Mullin *,1988-89,25,GSW,NBA,82,82,3093,21.9,.581,.516,4.9,10.7,7.8,20.1,2.5,0.7,13.6,26.6,115,108,7.5,3.1,10.6,.165,.509,.230,.892
97,Scott Wedman,1978-79,26,KCK,NBA,73,,2498,16.9,.572,.534,5.7,11.2,8.4,8.0,1.4,0.7,8.3,19.6,117,104,6.0,2.6,8.6,.165,.534,,.797
98,John Havlicek *,1970-71,30,BOS,NBA,81,,3678,20.8,.513,.450,,,8.6,23.0,,,,,,,6.6,5.9,12.5,.164,.450,,.818
99,James Posey,2007-08,31,BOS,NBA,74,2,1821,12.0,.587,.546,2.1,18.0,10.5,9.5,2.1,0.9,12.3,13.5,114,98,2.2,4.0,6.2,.164,.418,.380,.809
100,Mark Aguirre,1987-88,28,DAL,NBA,77,77,2610,21.9,.539,.491,7.7,10.3,9.0,18.4,1.3,1.3,10.2,31.6,113,109,6.5,2.3,8.8,.163,.475,.302,.770
101,John Havlicek *,1971-72,31,BOS,NBA,82,,3698,20.1,.512,.458,,,8.3,22.9,,,,,,,5.9,6.5,12.4,.162,.458,,.834
102,Cazzie Russell,1969-70,25,NYK,NBA,78,,1563,16.9,.530,.498,,,,12.0,,,,,,,2.8,2.4,5.2,.161,.498,,.775
103,Mark Aguirre,1986-87,27,DAL,NBA,80,80,2663,22.1,.560,.512,7.5,9.8,8.7,15.7,1.5,0.6,10.6,31.3,114,111,6.8,2.1,8.9,.160,.495,.353,.770
104,Bob Dandridge,1973-74,26,MIL,NBA,71,,2521,17.0,.535,.503,5.1,13.7,9.7,11.2,2.0,0.8,,,,94,4.4,4.0,8.4,.160,.503,,.818
105,Bob Dandridge,1970-71,23,MIL,NBA,79,,2862,16.9,.545,.509,,,10.5,12.2,,,,,,,6.2,3.3,9.5,.160,.509,,.702
106,Dominique Wilkins *,1987-88,28,ATL,NBA,78,76,2948,23.7,.534,.474,7.9,11.0,9.5,13.5,1.7,1.0,8.9,35.2,111,109,7.0,2.8,9.8,.160,.464,.295,.826
107,Paul Arizin *,1960-61,32,PHW,NBA,79,,2935,17.1,.506,.425,,,,,,,,,,,6.7,3.0,9.7,.159,.425,,.833
108,Mickey Davis,1973-74,23,MIL,NBA,73,,1012,15.5,.561,.504,8.4,13.7,11.3,11.1,1.2,0.3,,,,96,2.0,1.3,3.4,.159,.504,,.830
109,Bob Gross,1976-77,23,POR,NBA,82,,2232,16.2,.580,.529,8.1,10.0,9.1,14.5,2.1,1.4,,,,99,4.9,2.5,7.4,.159,.529,,.851
110,Bob Dandridge,1975-76,28,MIL,NBA,73,,2735,19.1,.545,.502,6.7,13.7,10.3,11.9,1.9,0.7,,,,99,6.4,2.6,9.0,.158,.502,,.824
111,Bob Dandridge,1978-79,31,WSB,NBA,78,,2629,19.0,.553,.499,4.3,12.9,8.6,19.1,1.2,1.1,13.4,24.1,111,103,5.8,2.8,8.7,.158,.499,,.825
112,Bob Gross,1977-78,24,POR,NBA,72,,2163,16.9,.569,.529,8.9,10.4,9.6,16.2,2.1,1.3,18.2,18.0,108,98,4.0,3.1,7.1,.158,.529,,.800
113,Jack Twyman *,1960-61,26,CIN,NBA,79,,2920,19.6,.532,.488,,,,,,,,,,,9.4,0.1,9.6,.157,.488,,.731
114,Paul Arizin *,1957-58,29,PHW,NBA,68,,2377,18.2,.479,.393,,,,,,,,,,,5.5,2.3,7.7,.156,.393,,.809
115,Chris Mullin *,1991-92,28,GSW,NBA,81,81,3346,19.9,.586,.544,4.2,10.4,7.4,12.2,2.4,1.1,10.2,23.6,118,110,8.1,2.7,10.8,.155,.524,.366,.833
116,Ricky Pierce,1988-89,29,MIL,NBA,75,4,2078,18.6,.573,.522,4.5,6.5,5.5,12.4,1.8,0.6,8.9,25.2,116,109,5.0,1.7,6.7,.155,.518,.222,.859
117,Frank Ramsey *,1960-61,29,BOS,NBA,79,,2019,15.2,.474,.407,,,,,,,,,,,2.7,3.8,6.5,.155,.407,,.833
118,Nick Anderson,1994-95,27,ORL,NBA,76,76,2588,17.5,.593,.573,3.9,10.7,7.4,17.4,2.4,0.6,12.2,19.1,119,108,5.7,2.6,8.3,.154,.476,.415,.704
119,John Havlicek *,1966-67,26,BOS,NBA,81,,2602,19.2,.500,.444,,,,15.6,,,,,,,4.2,4.1,8.3,.154,.444,,.828
120,Lou Hudson,1971-72,27,ATL,NBA,77,,3042,19.1,.549,.503,,,6.2,16.2,,,,,,,8.2,1.5,9.7,.154,.503,,.812
121,Ernie Vandeweghe,1951-52,23,NYK,NBA,57,,1507,16.6,.497,.438,,,,,,,,,,,3.7,1.2,4.8,.154,.438,,.775
122,Jamaal Wilkes *,1979-80,26,LAL,NBA,82,,3111,17.6,.563,.536,6.8,11.2,9.2,10.8,1.9,0.5,9.7,20.8,115,105,6.7,3.2,10.0,.154,.535,.176,.808
123,Dominique Wilkins *,1993-94,34,TOT,NBA,74,74,2635,21.4,.529,.466,7.5,12.3,9.9,11.3,1.7,0.7,8.6,32.0,110,106,5.6,2.8,8.4,.153,.440,.288,.847
124,Eddie Johnson,1988-89,29,PHO,NBA,70,7,2043,19.4,.564,.526,5.0,10.7,8.0,12.2,1.1,0.2,8.4,28.3,113,109,4.6,1.9,6.5,.152,.497,.413,.868
125,Marques Johnson,1983-84,27,MIL,NBA,74,74,2715,19.4,.534,.502,7.5,12.4,10.0,18.6,2.1,1.0,11.1,25.2,110,103,4.4,4.2,8.6,.152,.502,.154,.709
126,George Yardley *,1955-56,27,FTW,NBA,71,,2353,20.0,.480,.407,,,,,,,,,,,4.6,2.8,7.5,.152,.407,,.742
127,Jud Buechler,1997-98,29,CHI,NBA,74,0,608,14.1,.554,.554,4.5,10.0,7.3,12.8,2.0,1.8,10.5,14.7,115,101,1.0,0.9,1.9,.151,.483,.385,.500
128,John Havlicek *,1973-74,33,BOS,NBA,76,,3091,17.4,.509,.456,4.4,10.6,7.6,20.8,1.3,0.5,,,,96,5.9,3.8,9.7,.151,.456,,.832
129,John Havlicek *,1969-70,29,BOS,NBA,81,,3369,20.0,.533,.464,,,,23.2,,,,,,,6.4,4.2,10.6,.151,.464,,.844
130,Jack Marin,1968-69,24,BAL,NBA,82,,2710,15.8,.515,.455,,,,11.1,,,,,,,4.4,4.1,8.5,.151,.455,,.830
131,Kelly Tripucka,1982-83,23,DET,NBA,58,58,2252,19.8,.565,.495,5.7,6.5,6.1,15.9,1.3,0.5,12.1,26.5,113,109,5.9,1.2,7.1,.151,.489,.378,.845
132,Chet Walker *,1967-68,27,PHI,NBA,82,,2623,15.9,.521,.460,,,,7.5,,,,,,,4.5,3.7,8.2,.150,.460,,.726
133,Mark Aguirre,1983-84,24,DAL,NBA,79,79,2900,23.5,.572,.528,6.4,12.3,9.4,21.0,1.3,0.4,12.3,33.4,112,111,7.0,2.0,9.0,.149,.524,.268,.749
134,John Drew,1974-75,20,ATL,NBA,78,,2289,21.4,.491,.428,14.4,21.7,17.8,9.5,2.3,0.9,,,,96,4.2,3.0,7.1,.149,.428,,.713
135,John Havlicek *,1974-75,34,BOS,NBA,82,,3132,16.7,.505,.455,4.9,10.4,7.7,19.6,1.6,0.3,,,,96,5.9,3.8,9.7,.149,.455,,.870
136,Jack Marin,1971-72,27,BAL,NBA,78,,2927,18.2,.536,.478,,,8.5,8.9,,,,,,,6.6,2.5,9.1,.149,.478,,.894
137,Jud Buechler,1995-96,27,CHI,NBA,74,0,740,14.1,.552,.545,7.1,10.4,8.7,11.1,2.4,0.7,13.4,17.3,113,102,1.0,1.2,2.3,.148,.463,.444,.636
138,Bob Dandridge,1971-72,24,MIL,NBA,80,,2957,16.1,.530,.498,,,10.0,11.2,,,,,,,5.1,4.0,9.1,.148,.498,,.739
139,Lou Hudson,1972-73,28,ATL,NBA,75,,3027,19.0,.528,.477,,,7.4,12.8,,,,,,,7.2,2.1,9.3,.148,.477,,.825
140,Adrian Dantley *,1988-89,32,TOT,NBA,73,67,2422,17.4,.581,.493,5.5,9.0,7.3,10.9,0.9,0.3,11.9,24.3,115,110,5.5,1.9,7.4,.147,.493,.000,.810
141,Kevin Gamble,1990-91,25,BOS,NBA,82,76,2706,16.3,.620,.587,3.8,6.9,5.4,13.0,1.8,0.7,12.5,18.4,120,110,6.0,2.3,8.3,.147,.587,.000,.815
142,Peja Stojakovic,2005-06,28,TOT,NBA,71,71,2601,16.7,.570,.517,3.6,14.6,9.3,9.4,0.9,0.3,8.3,22.0,114,106,5.2,2.8,8.0,.147,.437,.401,.915
143,Jamaal Wilkes *,1975-76,22,GSW,NBA,82,,2716,16.8,.499,.463,6.9,18.3,12.7,8.7,1.7,0.6,,,,94,4.1,4.3,8.3,.147,.463,,.772
144,Junior Bridgeman,1980-81,27,MIL,NBA,77,,2215,17.1,.534,.489,4.0,10.2,7.2,15.1,1.8,0.7,11.0,24.0,110,104,3.9,2.8,6.7,.146,.487,.143,.884
145,Cliff Hagan *,1961-62,30,STL,NBA,77,,2784,19.4,.524,.470,,,,,,,,,,,7.3,1.2,8.5,.146,.470,,.825
146,Sonny Parker,1977-78,22,GSW,NBA,82,,2069,17.4,.544,.519,8.0,11.1,9.5,10.6,3.0,0.9,13.0,18.7,107,98,3.4,2.8,6.2,.145,.519,,.705
147,Scott Wedman,1979-80,27,KCK,NBA,68,,2347,16.9,.541,.515,5.0,12.9,8.8,9.3,1.7,1.1,8.6,22.2,109,102,3.7,3.4,7.1,.145,.512,.318,.801
148,Terry Dischinger,1967-68,27,DET,NBA,78,,1936,16.2,.549,.494,,,,7.9,,,,,,,4.4,1.5,5.8,.144,.494,,.762
149,Julius Erving *,1984-85,34,PHI,NBA,78,78,2535,20.0,.546,.495,7.7,10.7,9.2,14.6,2.5,2.5,12.7,26.0,111,106,4.5,3.1,7.6,.144,.494,.214,.765
150,Rodney McCray,1986-87,25,HOU,NBA,81,81,3136,15.7,.612,.552,6.7,13.4,10.1,18.7,1.3,1.0,17.9,15.2,118,107,5.6,3.8,9.4,.144,.552,.000,.779
151,Alvin Scott,1980-81,25,PHO,NBA,82,,1423,13.4,.550,.499,8.0,12.7,10.4,10.2,1.9,2.8,16.0,13.2,111,99,1.6,2.6,4.3,.144,.497,.167,.764
152,Peja Stojakovic,2007-08,30,NOH,NBA,77,77,2711,15.7,.581,.552,2.7,11.8,7.1,5.6,1.1,0.3,5.3,19.7,119,109,5.8,2.4,8.1,.144,.440,.441,.929
153,Stan McKenzie,1971-72,27,POR,NBA,82,,2036,16.0,.567,.492,,,6.3,10.8,,,,,,,5.7,0.4,6.1,.143,.492,,.831
154,Chet Walker *,1965-66,25,PHI,NBA,80,,2603,15.3,.514,.451,,,,9.9,,,,,,,4.2,3.5,7.8,.143,.451,,.716
155,Stacey Augmon,1998-99,30,POR,NBA,48,21,874,13.0,.501,.448,6.4,9.9,8.3,10.6,3.5,1.5,12.6,12.4,108,96,1.0,1.6,2.6,.142,.448,.000,.684
156,John Drew,1976-77,22,ATL,NBA,74,,2688,20.2,.536,.487,10.9,15.9,13.4,8.6,1.7,0.6,,,,101,5.7,2.2,7.9,.142,.487,,.714
157,John Havlicek *,1963-64,23,BOS,NBA,80,,2587,16.9,.463,.417,,,,,,,,,,,1.6,6.1,7.7,.142,.417,,.746
158,Ricky Pierce,1991-92,32,SEA,NBA,78,78,2658,18.2,.561,.487,4.0,6.2,5.1,14.7,1.6,0.5,11.1,26.8,116,113,6.5,1.4,7.8,.142,.475,.268,.916
159,Frank Ramsey *,1958-59,27,BOS,NBA,72,,2013,15.7,.459,.378,,,,,,,,,,,2.5,3.5,5.9,.142,.378,,.782
160,Paul Arizin *,1954-55,26,PHW,NBA,72,,2953,18.2,.478,.399,,,,,,,,,,,5.8,2.9,8.7,.141,.399,,.776
161,Gene Banks,1982-83,23,SAS,NBA,81,81,2722,16.7,.579,.550,9.2,15.1,12.3,13.7,1.3,0.4,14.1,17.7,116,107,5.9,2.0,7.9,.140,.550,.000,.705
162,Josh Howard,2007-08,27,DAL,NBA,76,76,2757,18.3,.534,.482,5.2,16.7,11.2,10.6,1.1,0.9,7.5,25.9,111,106,4.8,3.2,8.0,.140,.455,.319,.813
163,John Havlicek *,1962-63,22,BOS,NBA,80,,2200,15.4,.479,.445,,,,,,,,,,,1.6,4.8,6.4,.139,.445,,.728
164,Jamaal Wilkes *,1982-83,29,LAL,NBA,80,80,2552,17.6,.558,.530,6.6,8.2,7.4,9.7,1.2,0.4,9.6,24.1,114,109,6.1,1.3,7.4,.139,.530,.000,.757
165,Mike Dunleavy,2007-08,27,IND,NBA,82,82,2953,17.3,.605,.550,2.1,13.7,7.8,16.1,1.4,0.8,12.8,21.8,115,109,5.9,2.6,8.5,.138,.476,.424,.834
166,Johnny Newman,1988-89,25,NYK,NBA,81,80,2336,15.3,.582,.526,4.3,5.5,4.9,9.4,2.2,0.6,12.1,21.0,117,110,4.9,1.8,6.7,.138,.475,.338,.815
167,Jack Twyman *,1961-62,27,CIN,NBA,80,,2991,16.7,.528,.479,,,,,,,,,,,7.5,1.1,8.6,.138,.479,,.811
168,John Havlicek *,1975-76,35,BOS,NBA,76,,2598,15.5,.508,.450,4.4,7.5,5.9,15.3,1.7,0.6,,,,98,4.7,2.7,7.4,.137,.450,,.844
169,Rodney McCray,1984-85,23,HOU,NBA,82,82,3001,15.5,.576,.535,7.5,12.6,10.0,15.0,1.4,1.4,14.8,15.9,117,107,5.3,3.3,8.5,.137,.535,.000,.738
170,Scottie Pippen *,1999-00,34,POR,NBA,82,82,2749,16.4,.533,.501,5.1,16.2,11.0,23.7,2.3,1.1,17.8,19.6,105,99,3.4,4.4,7.8,.137,.451,.327,.717
171,Peja Stojakovic,2004-05,27,SAC,NBA,66,66,2534,17.3,.584,.530,2.7,9.8,6.3,8.7,1.6,0.3,8.2,21.7,117,111,6.0,1.2,7.3,.137,.444,.402,.920
172,Mark Aguirre,1989-90,30,DET,NBA,78,40,2005,15.8,.544,.505,6.7,10.6,8.7,11.6,0.9,0.6,10.7,24.3,111,106,3.1,2.5,5.7,.136,.488,.333,.756
173,Bob Dandridge,1972-73,25,MIL,NBA,73,,2852,16.2,.504,.472,,,10.2,10.0,,,,,,,3.8,4.3,8.1,.136,.472,,.789
174,Julius Erving *,1978-79,28,PHI,NBA,78,,2802,20.1,.538,.491,7.7,13.1,10.5,19.6,2.1,1.9,15.8,27.7,103,100,3.6,4.4,7.9,.136,.491,,.745
175,Glen Gondrezick,1980-81,25,DEN,NBA,73,,1077,16.3,.542,.471,12.6,16.6,14.5,9.6,3.7,0.9,15.1,15.8,113,104,1.8,1.3,3.1,.136,.471,.000,.818
176,Jack Marin,1969-70,25,BAL,NBA,82,,2947,16.0,.535,.489,,,,9.7,,,,,,,5.0,3.3,8.3,.136,.489,,.844
177,Kelly Tripucka,1985-86,26,DET,NBA,81,81,2626,18.3,.567,.502,4.6,9.6,7.0,14.1,1.6,0.2,11.3,24.1,114,110,5.6,1.9,7.5,.136,.498,.480,.856
178,Rodney McCray,1987-88,26,HOU,NBA,81,80,2689,15.1,.554,.481,9.1,15.4,12.3,13.1,1.0,1.1,13.7,15.7,116,107,4.4,3.2,7.6,.135,.481,.000,.785
179,Purvis Short,1981-82,24,GSW,NBA,76,8,1782,18.8,.530,.491,7.4,8.9,8.1,17.6,1.7,0.3,10.6,26.1,112,109,3.7,1.3,5.0,.135,.488,.214,.801
180,Jamaal Wilkes *,1980-81,27,LAL,NBA,81,,3028,18.0,.556,.526,5.6,9.8,7.8,11.2,1.9,0.5,11.2,24.5,110,106,5.5,3.0,8.5,.135,.526,.077,.758
181,Jamaal Wilkes *,1976-77,23,GSW,NBA,76,,2579,16.8,.523,.478,6.0,16.7,11.3,11.2,2.2,0.3,,,,99,4.3,2.9,7.3,.135,.478,,.797
182,Junior Bridgeman,1978-79,25,MIL,NBA,82,,1963,18.8,.544,.506,6.4,10.4,8.4,11.7,2.0,1.1,10.6,25.8,108,105,3.7,1.8,5.5,.134,.506,,.829
183,Dillard Crocker,1952-53,28,MLH,NBA,61,,776,13.2,.449,.352,,,,,,,,,,,1.1,1.0,2.2,.134,.352,,.688
184,John Drew,1979-80,25,ATL,NBA,80,,2306,17.8,.532,.453,9.4,12.5,11.0,7.4,1.9,0.6,14.1,30.2,105,103,3.3,3.1,6.4,.134,.453,.000,.757
185,Duane Ferrell,1993-94,28,ATL,NBA,72,13,1155,14.5,.558,.487,5.9,6.4,6.1,8.5,1.9,0.9,12.2,19.5,112,105,1.9,1.3,3.2,.134,.485,.111,.783
186,Kevin Gamble,1994-95,29,MIA,NBA,77,0,1223,16.3,.567,.532,2.7,9.1,5.8,15.9,2.2,0.6,8.9,19.8,118,111,2.5,0.9,3.4,.134,.489,.398,.784
187,Cazzie Russell,1973-74,29,GSW,NBA,82,,2574,17.6,.513,.482,5.3,7.6,6.5,11.3,0.9,0.3,,,,102,6.0,1.1,7.1,.133,.482,,.835
188,Peja Stojakovic,1999-00,22,SAC,NBA,74,11,1749,16.3,.559,.517,4.4,12.1,8.2,9.4,1.4,0.3,10.1,20.8,111,105,3.2,1.7,4.8,.133,.448,.375,.882
189,Jack Twyman *,1962-63,28,CIN,NBA,80,,2623,17.8,.529,.480,,,,,,,,,,,5.8,1.5,7.3,.133,.480,,.811
190,Terry Tyler,1981-82,25,DET,NBA,82,0,1989,16.9,.560,.523,8.2,19.3,13.6,8.7,1.8,4.4,14.3,16.7,111,103,2.5,3.0,5.5,.133,.523,.250,.740
191,Mark Aguirre,1990-91,31,DET,NBA,78,13,2006,16.7,.526,.475,7.6,13.7,10.7,11.6,1.2,0.6,10.9,25.7,109,105,2.8,2.7,5.5,.132,.462,.308,.757
192,Joe Caldwell,1969-70,28,ATL,NBA,82,,2857,17.3,.549,.507,,,,13.8,,,,,,,6.6,1.3,7.9,.132,.507,,.688
193,Scottie Pippen *,1992-93,27,CHI,NBA,81,81,3123,19.2,.510,.482,7.3,16.0,11.5,24.0,2.9,1.6,14.2,23.9,108,104,3.8,4.8,8.6,.132,.473,.237,.663
194,Nick Anderson,1995-96,28,ORL,NBA,77,77,2717,16.5,.562,.535,4.0,13.5,8.9,15.6,2.3,1.2,12.3,19.1,112,106,4.2,3.3,7.4,.131,.442,.391,.692
195,Jud Buechler,1998-99,30,DET,NBA,50,0,1056,12.2,.553,.544,3.3,12.1,7.7,9.1,1.9,1.0,7.8,12.1,116,102,1.7,1.2,2.9,.131,.417,.412,.722
196,Jack Twyman *,1959-60,25,CIN,NBA,75,,3023,21.1,.487,.422,,,,,,,,,,,7.6,0.7,8.3,.131,.422,,.785
197,Gene Banks,1984-85,25,SAS,NBA,82,41,2091,14.5,.642,.587,7.4,16.4,12.0,14.0,1.4,0.3,18.8,14.3,120,109,3.9,1.8,5.6,.130,.586,.333,.774
198,Terry Dischinger,1969-70,29,DET,NBA,75,,1754,15.5,.567,.526,,,,8.6,,,,,,,4.0,0.8,4.8,.130,.526,,.722
199,John Drew,1981-82,27,ATL,NBA,70,51,2040,18.1,.553,.488,9.3,11.5,10.4,8.1,1.6,0.1,13.2,28.7,108,106,3.2,2.4,5.5,.130,.486,.333,.741
200,James Posey,2006-07,30,MIA,NBA,71,19,1919,12.7,.579,.543,4.2,17.5,11.0,7.7,2.0,0.9,10.4,13.1,116,104,2.6,2.6,5.2,.130,.431,.375,.827
201,Nick Anderson,1993-94,26,ORL,NBA,81,81,2811,16.9,.549,.526,4.6,14.3,9.5,15.7,2.4,0.7,12.4,20.2,111,106,4.6,3.0,7.6,.129,.478,.322,.672
202,Kevin Gamble,1991-92,26,BOS,NBA,82,77,2496,15.2,.567,.534,3.7,8.7,6.3,12.5,1.5,0.9,9.0,18.5,117,109,4.5,2.2,6.7,.129,.529,.290,.885
203,Cliff Hagan *,1964-65,33,STL,NBA,77,,1739,16.5,.491,.436,,,,12.5,,,,,,,2.9,1.8,4.7,.129,.436,,.799
204,Jack Twyman *,1958-59,24,CIN,NBA,72,,2713,21.3,.479,.420,,,,,,,,,,,6.3,1.0,7.3,.129,.420,,.783
205,Jack Twyman *,1955-56,21,ROC,NBA,72,,2186,15.9,.464,.422,,,,,,,,,,,2.8,3.1,5.9,.129,.422,,.685
206,Chet Walker *,1962-63,22,SYR,NBA,78,,1992,14.8,.526,.469,,,,,,,,,,,3.3,2.0,5.3,.129,.469,,.699
207,Mark Aguirre,1984-85,25,DAL,NBA,80,79,2699,21.3,.563,.515,7.8,12.5,10.1,15.3,1.1,0.5,12.2,32.2,110,111,5.3,1.9,7.2,.128,.506,.318,.759
208,Frank Ramsey *,1959-60,28,BOS,NBA,73,,2009,14.5,.460,.397,,,,,,,,,,,2.0,3.4,5.3,.128,.397,,.787
209,Shandon Anderson,1997-98,24,UTA,NBA,82,2,1602,15.7,.586,.545,7.1,10.3,8.8,9.4,2.2,0.8,13.5,19.5,112,106,2.9,1.4,4.2,.127,.538,.219,.735
210,Junior Bridgeman,1979-80,26,MIL,NBA,81,,2316,17.1,.523,.480,5.0,9.0,7.1,15.2,1.9,0.5,11.2,26.3,107,105,3.6,2.5,6.1,.127,.478,.185,.865
211,Eddie Johnson,1990-91,31,TOT,NBA,81,27,2085,17.8,.548,.501,6.0,9.3,7.7,8.5,1.4,0.3,9.0,27.2,113,112,4.3,1.2,5.5,.127,.484,.325,.891
212,Scott Wedman,1977-78,25,KCK,NBA,81,,2961,15.9,.550,.509,5.0,11.1,8.0,9.7,1.5,0.4,10.8,18.8,110,104,6.0,1.9,7.8,.127,.509,,.870
213,Jamaal Wilkes *,1981-82,28,LAL,NBA,82,82,2906,16.5,.554,.525,6.0,8.7,7.4,6.7,1.4,0.4,9.5,23.6,112,109,5.3,2.4,7.7,.127,.525,.000,.732
214,Nick Anderson,1992-93,25,ORL,NBA,79,76,2920,17.3,.524,.482,5.0,13.0,9.2,14.7,2.2,1.2,9.9,24.5,109,106,4.0,3.7,7.7,.126,.449,.353,.741
215,Allan Bristow,1978-79,27,SAS,NBA,74,,1324,14.2,.562,.492,6.6,12.8,9.8,20.3,1.8,0.6,20.5,15.1,110,103,2.0,1.5,3.5,.126,.492,,.832
216,Michael Curry,1996-97,28,DET,NBA,81,2,1217,10.4,.592,.500,2.4,9.6,6.1,5.6,1.4,0.8,9.4,12.1,121,107,2.0,1.2,3.2,.126,.448,.299,.898
217,Cliff Hagan *,1963-64,32,STL,NBA,77,,2279,16.9,.496,.447,,,,,,,,,,,3.8,2.1,6.0,.126,.447,,.813
218,Josh Howard,2004-05,24,DAL,NBA,76,76,2446,15.8,.535,.497,7.9,14.1,11.1,7.2,2.5,1.5,12.0,18.6,108,103,3.0,3.4,6.4,.126,.475,.296,.733
219,Sam Mack,1998-99,28,TOT,NBA,44,15,1083,15.4,.576,.548,1.6,8.6,5.1,9.3,1.7,0.3,7.5,19.0,116,108,2.6,0.3,2.8,.126,.435,.397,.879
220,Jack Marin,1967-68,23,BAL,NBA,82,,2037,15.9,.518,.460,,,,7.5,,,,,,,3.3,2.0,5.4,.126,.460,,.796
221,Alvin Scott,1977-78,22,PHO,NBA,81,,1538,12.3,.543,.488,8.9,15.1,11.9,6.9,1.5,1.3,15.8,13.0,107,98,1.9,2.1,4.0,.126,.488,,.691
222,Reggie Williams,1994-95,30,DEN,NBA,74,70,2198,16.9,.538,.509,5.3,12.5,9.0,17.6,2.7,2.2,11.8,21.5,111,107,3.1,2.7,5.8,.126,.459,.320,.759
223,Junior Bridgeman,1982-83,29,MIL,NBA,70,5,1855,16.1,.534,.492,2.7,11.4,7.3,17.1,1.0,0.3,11.5,23.7,107,104,2.7,2.1,4.8,.125,.492,.077,.837
224,M.L. Carr,1979-80,29,BOS,NBA,82,7,1994,14.6,.526,.482,6.0,12.3,9.2,10.7,2.8,1.0,14.1,20.2,105,100,1.9,3.2,5.2,.125,.474,.293,.739
225,Dave DeBusschere *,1973-74,33,NYK,NBA,71,,2699,16.3,.490,.461,5.2,24.2,14.8,13.9,1.2,0.8,,,,93,2.4,4.6,7.0,.125,.461,,.756
226,Terry Dischinger,1968-69,28,DET,NBA,75,,1456,14.1,.556,.515,,,,8.7,,,,,,,3.3,0.5,3.8,.125,.515,,.730
227,John Havlicek *,1967-68,27,BOS,NBA,82,,2921,17.7,.486,.429,,,,18.6,,,,,,,2.7,4.9,7.6,.125,.429,,.812
228,Tom Marshall,1954-55,24,ROC,NBA,72,,1337,17.0,.489,.442,,,,,,,,,,,2.7,0.8,3.5,.125,.442,,.675
229,Frank Ramsey *,1963-64,32,BOS,NBA,75,,1227,12.6,.459,.374,,,,,,,,,,,0.5,2.7,3.2,.125,.374,,.841
230,John Drew,1980-81,26,ATL,NBA,67,,2075,19.2,.539,.456,7.9,13.3,10.6,6.5,2.3,0.4,12.6,30.9,107,107,3.5,1.9,5.4,.124,.456,.000,.787
231,Kevin Gamble,1992-93,27,BOS,NBA,82,58,2541,15.1,.562,.535,2.1,8.8,5.5,12.8,1.7,0.9,7.7,18.0,117,110,4.5,2.1,6.6,.124,.507,.374,.826
232,Eddie Johnson,1992-93,33,SEA,NBA,82,0,1869,17.1,.533,.476,7.6,9.4,8.5,11.5,1.0,0.1,10.8,27.9,111,110,3.4,1.5,4.8,.124,.467,.304,.911
233,Chris Mullin *,1996-97,33,GSW,NBA,79,63,2733,17.6,.645,.605,3.3,10.5,6.9,19.9,2.5,0.9,17.8,17.6,118,112,6.0,1.1,7.1,.124,.553,.411,.864
234,Cazzie Russell,1967-68,23,NYK,NBA,82,,2296,16.7,.514,.462,,,,12.4,,,,,,,4.0,1.9,5.9,.124,.462,,.808
235,Bob Gross,1975-76,22,POR,NBA,76,,1474,15.6,.557,.523,9.8,11.4,10.6,15.3,2.8,1.5,,,,96,1.8,1.9,3.8,.123,.523,,.683
236,Jack Marin,1970-71,26,BAL,NBA,82,,2920,15.7,.510,.460,,,7.7,10.4,,,,,,,4.1,3.4,7.5,.123,.460,,.848
237,Cazzie Russell,1976-77,32,LAL,NBA,82,,2583,15.3,.527,.490,3.5,8.0,5.8,11.6,1.5,0.1,,,,102,4.9,1.7,6.6,.123,.490,,.858
238,Lou Hudson,1970-71,26,ATL,NBA,76,,3113,18.2,.527,.484,,,5.6,12.7,,,,,,,6.9,1.0,7.9,.122,.484,,.759
239,John Drew,1983-84,29,UTA,NBA,81,4,1797,20.5,.552,.482,9.0,10.6,9.9,12.0,2.2,0.1,12.9,32.9,107,108,2.8,1.7,4.5,.121,.479,.273,.778
240,Eddie Johnson,1982-83,23,KCK,NBA,82,82,2933,15.9,.537,.501,7.0,11.4,9.2,10.4,1.1,0.4,10.7,22.2,110,107,5.3,2.1,7.4,.121,.494,.282,.779
241,Chris Mullin *,1987-88,24,GSW,NBA,60,55,2033,19.8,.580,.526,3.1,8.3,5.6,22.1,2.6,0.9,13.0,23.9,114,113,4.1,1.0,5.1,.121,.508,.351,.885
242,Alvin Scott,1982-83,27,PHO,NBA,81,9,1139,11.8,.535,.479,6.1,15.2,10.9,10.8,2.0,1.5,17.2,13.3,106,99,0.9,2.0,2.9,.121,.479,.000,.736
243,Alvin Scott,1978-79,23,PHO,NBA,81,,1737,13.2,.579,.535,6.8,16.1,11.5,8.5,2.0,1.9,17.4,12.6,110,101,2.0,2.4,4.4,.121,.535,,.714
244,Terry Tyler,1980-81,24,DET,NBA,82,,2549,17.2,.547,.532,8.5,17.9,12.9,8.4,2.1,4.1,14.0,18.5,106,101,2.5,3.9,6.4,.121,.532,.000,.592
245,Dominique Wilkins *,1984-85,25,ATL,NBA,81,81,3023,20.9,.514,.458,8.3,11.8,10.1,11.3,2.1,1.0,9.4,32.5,107,107,4.1,3.5,7.6,.121,.451,.309,.806
246,Reggie Williams,1991-92,27,DEN,NBA,81,80,2623,18.1,.528,.493,5.6,11.3,8.3,15.0,2.7,1.6,11.0,24.3,109,107,3.7,2.9,6.6,.121,.471,.359,.803
247,Dave DeBusschere *,1969-70,29,NYK,NBA,79,,2627,14.8,.482,.451,,,,9.5,,,,,,,0.7,5.8,6.6,.120,.451,,.688
248,Kenny Fields,1985-86,23,MIL,NBA,78,3,1120,13.3,.547,.513,5.9,14.2,10.1,9.7,2.1,0.8,14.4,19.1,106,102,1.0,1.8,2.8,.120,.513,.000,.689
249,Cazzie Russell,1971-72,27,GSW,NBA,79,,2902,17.3,.504,.455,,,6.6,13.3,,,,,,,3.7,3.5,7.3,.120,.455,,.833
250,Mark Aguirre,1982-83,23,DAL,NBA,81,75,2784,20.5,.535,.488,7.3,12.5,9.8,18.2,1.3,0.5,12.4,30.0,108,110,5.9,1.0,6.9,.118,.483,.211,.728
251,Nick Anderson,1998-99,31,ORL,NBA,47,39,1581,15.3,.493,.470,3.7,16.9,10.2,10.7,2.2,0.7,10.4,22.8,100,97,1.3,2.6,3.9,.118,.395,.347,.611
252,Joe Caldwell,1968-69,27,ATL,NBA,81,,2720,14.5,.518,.507,,,,16.6,,,,,,,4.7,2.0,6.7,.118,.507,,.537
253,M.L. Carr,1978-79,28,DET,NBA,80,,3207,16.3,.561,.514,6.9,12.4,9.5,10.8,2.8,0.7,16.0,18.9,107,104,4.5,3.4,7.9,.118,.514,,.743
254,Bob Dandridge,1977-78,30,WSB,NBA,75,,2777,16.1,.528,.471,4.9,10.9,7.9,14.7,1.6,0.8,14.9,21.9,104,102,4.2,2.6,6.8,.118,.471,,.788
255,Rodney McCray,1989-90,28,SAC,NBA,82,82,3238,16.7,.568,.520,6.7,16.6,11.7,17.4,0.9,1.3,12.7,18.3,114,110,5.4,2.5,7.9,.118,.515,.262,.784
256,Stacey Augmon,1995-96,27,ATL,NBA,77,49,2294,15.9,.556,.491,6.8,9.0,7.8,10.0,2.5,1.0,13.6,19.9,112,109,3.5,2.1,5.6,.117,.491,.250,.792
257,Darren Daye,1984-85,24,WSB,NBA,80,8,1573,15.7,.566,.513,6.4,12.9,9.5,21.0,1.6,0.7,17.9,19.8,108,105,1.8,2.1,3.8,.117,.512,.143,.715
258,Kelly Tripucka,1981-82,22,DET,NBA,82,82,3077,16.4,.570,.498,7.6,8.2,7.9,12.7,1.3,0.3,15.3,23.3,111,110,5.4,2.1,7.5,.117,.496,.227,.797
259,Bob Dandridge,1969-70,22,MIL,NBA,81,,2461,15.2,.528,.485,,,,14.6,,,,,,,3.2,2.8,6.0,.116,.485,,.754
260,Mickey Davis,1974-75,24,MIL,NBA,75,,1077,14.4,.530,.479,6.8,15.9,11.5,10.3,1.3,0.2,,,,98,1.6,1.0,2.6,.116,.479,,.886
261,Sonny Parker,1978-79,23,GSW,NBA,79,,2893,15.5,.537,.502,6.1,10.5,8.2,13.6,2.3,0.6,14.7,18.3,106,102,3.5,3.5,7.0,.116,.502,,.788
262,Scottie Pippen *,1998-99,33,HOU,NBA,50,50,2011,16.8,.530,.492,3.9,14.2,9.4,24.4,2.6,1.3,18.8,19.7,104,101,2.5,2.3,4.9,.116,.432,.340,.721
263,Robert Reid,1980-81,25,HOU,NBA,82,,2963,16.4,.522,.482,6.1,15.9,11.0,16.1,2.6,1.2,13.7,19.8,107,104,3.6,3.6,7.2,.116,.482,.000,.756
264,Gene Banks,1983-84,24,SAS,NBA,80,66,2600,15.4,.606,.568,8.5,15.2,11.9,12.0,1.8,0.5,16.1,15.4,117,111,4.5,1.7,6.2,.115,.568,.167,.741
265,Rodney McCray,1985-86,24,HOU,NBA,82,82,2610,13.6,.583,.537,6.5,15.1,10.7,13.6,0.9,1.2,15.2,12.8,118,109,4.2,2.1,6.3,.115,.537,.000,.770
266,Scottie Pippen *,2000-01,35,POR,NBA,64,60,2133,15.3,.541,.505,4.1,14.2,9.3,21.8,2.4,1.2,18.8,17.9,104,101,2.4,2.7,5.1,.115,.451,.344,.739
267,Mike Sanders,1985-86,25,PHO,NBA,82,5,1644,16.0,.573,.516,7.6,11.4,9.6,13.5,2.1,1.1,15.3,22.6,109,107,2.2,1.7,3.9,.115,.513,.200,.809
268,Jamaal Wilkes *,1983-84,30,LAL,NBA,75,74,2507,15.4,.549,.515,6.3,8.8,7.7,11.3,1.3,0.9,10.4,21.1,113,110,4.0,2.0,6.0,.115,.514,.250,.743
269,Bill Bradley *,1970-71,27,NYK,NBA,78,,2300,13.3,.490,.453,,,5.2,16.5,,,,,,,1.8,3.6,5.4,.114,.453,,.823
270,Dave DeBusschere *,1964-65,24,DET,NBA,79,,2769,17.4,.476,.425,,,,12.8,,,,,,,2.8,3.7,6.6,.114,.425,,.700
271,Julius Erving *,1985-86,35,PHI,NBA,74,74,2474,17.4,.537,.484,7.7,9.1,8.4,15.4,2.2,1.9,14.6,23.8,108,107,3.3,2.6,5.9,.114,.480,.281,.785
272,Eddie Johnson,1991-92,32,SEA,NBA,81,19,2366,16.1,.528,.470,5.6,8.6,7.1,10.9,1.2,0.3,9.0,25.6,113,113,4.5,1.1,5.6,.114,.459,.252,.861
273,Sonny Parker,1979-80,24,GSW,NBA,82,,2849,16.2,.537,.489,6.2,11.9,9.0,12.4,2.9,0.7,12.7,18.6,109,105,3.8,3.0,6.8,.114,.489,.000,.785
274,Walt Williams,1999-00,29,HOU,NBA,76,66,1859,15.6,.562,.533,4.3,14.0,9.2,14.3,1.3,1.5,13.3,20.0,109,106,3.0,1.4,4.4,.114,.458,.391,.821
275,Jim Baechtold,1954-55,27,NYK,NBA,72,,2536,13.9,.479,.403,,,,,,,,,,,4.1,1.8,6.0,.113,.403,,.823
276,Dave DeBusschere *,1972-73,32,NYK,NBA,77,,2827,16.0,.470,.435,,,13.8,12.5,,,,,,,0.9,5.8,6.6,.113,.435,,.746
277,Frank Ramsey *,1962-63,31,BOS,NBA,77,,1541,12.8,.472,.382,,,,,,,,,,,0.8,2.8,3.6,.113,.382,,.816
278,Purvis Short,1985-86,28,GSW,NBA,64,63,2427,19.1,.547,.488,5.4,9.4,7.3,14.8,1.7,0.5,11.0,27.1,112,113,4.9,0.9,5.7,.113,.482,.306,.865
279,Jamaal Wilkes *,1978-79,25,LAL,NBA,82,,2915,16.4,.544,.504,6.5,15.7,11.4,10.3,2.1,0.5,13.8,22.3,104,103,3.4,3.4,6.9,.113,.504,,.751
280,Dominique Wilkins *,1983-84,24,ATL,NBA,81,81,2961,19.2,.531,.479,9.7,12.9,11.2,7.3,2.0,1.8,11.5,27.1,106,106,3.4,3.6,7.0,.113,.479,.000,.770
281,Bill Bradley *,1972-73,29,NYK,NBA,82,,2998,13.8,.493,.459,,,5.0,16.8,,,,,,,2.9,4.1,7.0,.112,.459,,.871
282,Albert King,1982-83,23,NJN,NBA,79,75,2447,15.6,.508,.477,7.3,13.6,10.5,18.2,1.8,1.0,15.6,25.2,101,100,1.7,3.9,5.7,.112,.475,.261,.775
283,Bingo Smith,1974-75,28,CLE,NBA,82,,2636,15.9,.508,.483,4.3,12.1,8.2,13.7,1.5,0.5,,,,99,3.8,2.3,6.1,.112,.483,,.825
284,Nate Williams,1974-75,24,TOT,NBA,85,,1945,17.5,.520,.480,5.3,12.5,8.8,12.7,2.2,0.8,,,,97,2.4,2.1,4.5,.112,.480,,.823
285,Walt Williams,1995-96,25,TOT,NBA,73,73,2169,15.8,.547,.515,5.3,11.7,8.5,18.3,2.0,2.0,14.2,21.7,108,107,2.6,2.5,5.1,.112,.444,.389,.703
286,Bob Dandridge,1974-75,27,MIL,NBA,80,,3031,16.7,.506,.473,5.1,13.6,9.5,12.5,1.9,0.8,,,,97,3.8,3.2,7.0,.111,.473,,.805
287,Lou Hudson,1975-76,31,ATL,NBA,81,,2558,16.8,.516,.472,4.1,8.1,6.0,13.7,2.2,0.4,,,,102,4.6,1.3,5.9,.111,.472,,.814
288,Stan McKenzie,1970-71,26,POR,NBA,82,,2290,13.8,.524,.441,,,5.9,13.4,,,,,,,3.6,1.7,5.3,.111,.441,,.836
289,Purvis Short,1980-81,23,GSW,NBA,79,,2309,17.0,.509,.476,7.1,11.7,9.4,16.2,1.6,0.5,10.3,23.9,110,110,4.3,1.1,5.4,.111,.475,.176,.820
290,Ed Conlin,1957-58,24,SYR,NBA,60,,1871,15.8,.452,.391,,,,,,,,,,,2.2,2.0,4.3,.110,.391,,.796
291,Bob Gross,1980-81,27,POR,NBA,82,,1934,14.0,.584,.528,7.1,11.4,9.2,16.0,2.2,1.9,21.6,14.3,110,105,2.3,2.1,4.4,.110,.528,.000,.849
292,John Havlicek *,1968-69,28,BOS,NBA,82,,3174,17.0,.459,.405,,,,20.3,,,,,,,1.0,6.3,7.3,.110,.405,,.780
293,Frank Ramsey *,1954-55,23,BOS,NBA,64,,1754,14.8,.487,.399,,,,,,,,,,,3.1,0.9,4.0,.110,.399,,.755
294,Terry Tyler,1982-83,26,DET,NBA,82,56,2543,15.1,.512,.480,7.2,15.0,11.0,8.3,1.8,3.3,11.0,16.5,107,103,2.8,3.1,5.8,.110,.478,.133,.745
295,Paul Arizin *,1961-62,33,PHW,NBA,78,,2785,14.9,.486,.410,,,,,,,,,,,3.9,2.5,6.3,.109,.410,,.805
296,Kelly Tripucka,1983-84,24,DET,NBA,76,75,2493,16.8,.530,.460,4.9,8.3,6.5,12.8,1.2,0.4,11.1,26.5,110,111,4.1,1.5,5.7,.109,.459,.118,.815
297,Ron Anderson,1987-88,29,IND,NBA,74,1,1097,16.2,.544,.498,8.9,12.6,10.8,10.5,1.8,0.3,12.8,22.0,108,108,1.3,1.2,2.5,.108,.498,.000,.766
298,Glen Gondrezick,1982-83,27,DEN,NBA,76,2,1130,13.5,.508,.456,9.6,17.3,13.5,10.0,3.0,0.4,12.5,12.9,112,105,1.5,1.1,2.5,.108,.456,.000,.719
299,Marques Johnson,1985-86,29,LAC,NBA,75,75,2605,18.9,.555,.511,6.5,11.2,8.8,17.5,1.9,1.0,11.8,24.0,112,112,4.8,1.1,5.9,.108,.510,.067,.760
300,Jeff Lamp,1985-86,26,TOT,NBA,74,2,1321,13.2,.531,.483,4.6,12.3,8.5,12.3,1.4,0.2,10.6,19.5,110,107,1.6,1.3,3.0,.108,.477,.233,.835
301,Purvis Short,1987-88,30,HOU,NBA,81,11,1949,15.8,.531,.483,3.8,8.0,5.9,13.0,1.4,0.4,9.8,24.9,109,109,2.6,1.8,4.4,.108,.481,.238,.858
302,Terry Tyler,1984-85,28,DET,NBA,82,53,2004,14.6,.516,.494,7.4,14.9,11.0,4.1,1.1,2.5,7.6,19.1,110,107,2.2,2.3,4.5,.108,.494,.000,.716
303,M.L. Carr,1976-77,26,DET,NBA,82,,2643,15.2,.518,.476,8.3,16.4,12.4,8.7,2.8,1.1,,,,99,2.9,3.0,5.9,.107,.476,,.735
304,Mike Dunleavy,2003-04,23,GSW,NBA,75,69,2336,15.1,.547,.514,4.2,17.2,10.7,16.1,1.6,0.4,15.1,18.6,106,104,3.0,2.2,5.2,.107,.449,.370,.741
305,Rick Fox,2000-01,31,LAL,NBA,82,77,2291,13.8,.562,.536,4.0,11.9,8.0,17.4,1.6,0.9,16.3,16.3,110,106,3.7,1.4,5.1,.107,.444,.393,.779
306,Billy Owens,1991-92,22,GSW,NBA,80,77,2510,15.6,.555,.526,10.8,17.0,13.9,9.8,1.7,1.5,14.8,19.3,111,109,3.3,2.3,5.6,.107,.525,.111,.654
307,Ricky Pierce,1995-96,36,IND,NBA,76,2,1404,14.8,.542,.477,3.7,8.3,6.0,12.7,2.2,0.3,12.0,25.3,108,108,1.8,1.3,3.1,.107,.447,.337,.849
308,Nate Williams,1978-79,28,GSW,NBA,81,,1299,14.7,.542,.501,5.6,11.6,8.6,6.7,2.0,0.2,13.1,22.2,104,103,1.4,1.5,2.9,.107,.501,,.872
309,Mickey Davis,1972-73,22,MIL,NBA,74,,1046,12.2,.490,.438,,,10.5,8.5,,,,,,,0.7,1.6,2.3,.106,.438,,.826
310,Rodney McCray,1983-84,22,HOU,NBA,79,36,2081,14.4,.546,.499,9.0,14.3,11.6,10.8,1.2,1.4,13.3,17.1,112,109,2.7,1.9,4.6,.106,.499,.250,.731
311,Johnny Newman,1993-94,30,TOT,NBA,81,18,1697,14.1,.545,.489,5.4,5.9,5.7,6.7,2.0,1.0,10.6,21.3,109,108,2.4,1.3,3.7,.106,.471,.267,.809
312,Alvin Scott,1981-82,26,PHO,NBA,81,38,1740,11.7,.546,.497,6.3,12.2,9.4,11.0,1.6,2.3,18.0,12.9,107,103,1.2,2.7,3.8,.106,.497,.000,.730
313,Nate Williams,1975-76,25,NOJ,NBA,81,,1935,15.9,.493,.444,6.9,11.7,9.3,8.8,2.5,0.5,,,,97,1.8,2.4,4.3,.106,.444,,.824
314,Ed Ratleff,1974-75,24,HOU,NBA,80,,2563,14.9,.503,.461,8.0,12.0,10.0,14.1,2.7,1.1,,,,98,3.1,2.5,5.6,.105,.461,,.826
315,Jack Twyman *,1963-64,29,CIN,NBA,68,,1996,14.6,.495,.450,,,,,,,,,,,2.8,1.5,4.3,.105,.450,,.829
316,Reggie Williams,1992-93,28,DEN,NBA,79,79,2722,15.8,.517,.473,5.1,11.6,8.3,16.7,2.2,1.7,13.0,22.3,106,106,2.4,3.6,5.9,.105,.458,.270,.804
317,Bob Dandridge,1976-77,29,MIL,NBA,70,,2501,17.5,.514,.467,6.0,12.2,9.1,15.4,1.7,0.6,,,,104,4.2,1.2,5.4,.104,.467,,.771
318,Rick Fox,1999-00,30,LAL,NBA,82,1,1473,11.7,.502,.473,4.6,9.7,7.2,14.4,1.8,1.2,14.0,18.5,101,100,0.9,2.3,3.2,.104,.414,.326,.808
319,Gus Gerard,1979-80,26,KCK,NBA,73,,869,14.1,.491,.458,9.2,12.8,10.9,6.9,2.2,1.7,11.1,20.3,101,100,0.5,1.4,1.9,.104,.457,.333,.660
320,Chris Mullin *,1986-87,23,GSW,NBA,82,82,2377,15.8,.580,.524,1.8,6.6,4.2,15.9,1.9,0.9,12.6,20.8,114,113,4.0,1.2,5.2,.104,.514,.302,.825
321,James Posey,2002-03,26,TOT,NBA,83,71,2518,13.5,.519,.457,4.1,15.4,9.8,12.7,2.3,0.4,14.3,18.1,103,102,2.3,3.1,5.4,.104,.411,.306,.833
322,Cazzie Russell,1972-73,28,GSW,NBA,80,,2429,15.0,.494,.458,,,6.6,10.7,,,,,,,2.5,2.7,5.2,.104,.458,,.864
323,Ben Warley,1963-64,27,PHI,NBA,79,,1740,13.5,.517,.435,,,,,,,,,,,2.4,1.4,3.8,.104,.435,,.721
324,Scott Wedman,1976-77,24,KCK,NBA,81,,2743,14.6,.504,.460,6.8,12.5,9.6,11.7,1.6,0.5,,,,101,3.7,2.3,6.0,.104,.460,,.855
325,Stacey Augmon,1994-95,26,ATL,NBA,76,76,2362,16.0,.512,.457,7.6,10.7,9.1,14.3,2.3,1.5,12.9,22.7,106,106,1.9,3.2,5.1,.103,.453,.269,.728
326,Purvis Short,1982-83,25,GSW,NBA,67,57,2397,17.6,.534,.489,6.3,9.8,8.0,14.2,1.8,0.3,12.6,25.2,107,109,4.0,1.2,5.2,.103,.487,.267,.828
327,Dominique Wilkins *,1982-83,23,ATL,NBA,82,82,2697,16.6,.524,.493,8.9,9.9,9.4,7.7,1.5,1.3,11.6,23.9,104,104,2.9,2.9,5.8,.103,.493,.182,.682
328,Junior Bridgeman,1977-78,24,MIL,NBA,82,,1876,17.0,.539,.503,6.3,10.1,8.2,13.4,1.7,0.8,14.5,24.5,103,104,2.9,1.1,4.0,.102,.503,,.810
329,Dave DeBusschere *,1970-71,30,NYK,NBA,81,,2891,15.4,.458,.421,,,14.2,10.3,,,,,,,-0.2,6.4,6.2,.102,.421,,.696
330,Glen Gondrezick,1981-82,26,DEN,NBA,80,0,1699,14.9,.559,.505,9.1,17.4,13.3,10.4,2.4,1.1,14.5,15.4,114,111,2.6,1.0,3.6,.102,.505,.000,.737
331,Harold Pressley,1988-89,25,SAC,NBA,80,36,2257,15.7,.529,.507,10.1,13.0,11.5,11.3,2.0,1.9,11.8,19.1,110,109,2.7,2.1,4.8,.102,.439,.403,.780
332,Allan Bristow,1976-77,25,SAS,NBA,82,,2017,15.4,.544,.489,6.1,11.6,8.9,15.7,1.9,0.0,,,,103,3.2,1.1,4.3,.101,.489,,.798
333,Don Collins,1981-82,23,WSB,NBA,79,18,1609,15.1,.543,.512,7.0,6.3,6.7,14.2,2.7,0.8,15.7,22.4,103,103,0.9,2.5,3.4,.101,.511,.083,.716
334,Ed Conlin,1956-57,23,SYR,NBA,71,,2250,15.4,.450,.374,,,,,,,,,,,2.5,2.2,4.7,.101,.374,,.769
335,Jackie Moreland,1961-62,23,DET,NBA,74,,1219,14.5,.483,.421,,,,,,,,,,,1.2,1.3,2.6,.101,.421,,.747
336,James Posey,1999-00,23,DEN,NBA,81,77,2052,13.0,.550,.506,4.5,12.4,8.4,10.8,2.4,1.1,13.6,14.8,109,105,2.5,1.9,4.3,.101,.429,.373,.800
337,Robert Reid,1979-80,24,HOU,NBA,76,,2304,15.3,.520,.487,6.5,14.8,10.6,14.7,2.7,1.4,14.7,19.2,106,105,2.5,2.3,4.9,.101,.487,.000,.736
338,Terry Tyler,1978-79,22,DET,NBA,82,,2560,15.5,.507,.482,8.3,18.3,13.2,4.6,1.8,4.1,11.9,17.6,103,101,2.0,3.4,5.4,.101,.482,,.658
339,Junior Bridgeman,1983-84,30,MIL,NBA,81,10,2431,14.3,.508,.468,3.9,11.3,7.8,16.7,1.1,0.3,11.0,23.4,106,106,2.1,3.0,5.1,.100,.465,.194,.807
340,Paul Graham,1991-92,24,ATL,NBA,78,9,1718,14.7,.523,.488,4.4,10.1,7.1,14.6,2.7,0.7,10.7,20.4,109,109,1.9,1.7,3.6,.100,.447,.390,.741
341,John Havlicek *,1964-65,24,BOS,NBA,75,,2169,16.3,.441,.401,,,,13.8,,,,,,,-0.1,4.6,4.5,.100,.401,,.744
342,John Havlicek *,1976-77,36,BOS,NBA,79,,2913,14.7,.495,.452,3.7,9.1,6.4,20.4,1.3,0.3,,,,100,3.3,2.8,6.1,.100,.452,,.816
343,Andy Johnson,1961-62,29,CHP,NBA,71,,2193,13.6,.501,.448,,,,,,,,,,,3.4,1.2,4.6,.100,.448,,.628
344,Rodney McCray,1990-91,29,DAL,NBA,74,68,2561,14.6,.551,.504,6.8,18.1,12.5,14.7,1.4,1.2,14.4,15.5,112,109,3.1,2.3,5.3,.100,.495,.333,.803
345,Gene Banks,1981-82,22,SAS,NBA,80,4,1700,14.7,.515,.477,9.9,16.0,13.0,11.5,1.5,0.5,12.5,19.9,108,108,1.9,1.6,3.5,.099,.477,.000,.684
346,Albert King,1983-84,24,NJN,NBA,79,53,2103,15.6,.541,.493,6.7,14.5,10.5,14.0,2.0,0.9,16.2,24.3,104,105,1.5,2.8,4.3,.099,.492,.136,.786
347,Billy Owens,1993-94,24,GSW,NBA,79,72,2738,15.6,.532,.508,9.3,15.9,12.6,16.8,1.5,1.3,16.1,20.0,106,107,3.0,2.6,5.7,.099,.507,.200,.610
348,Keith Erickson,1975-76,31,PHO,NBA,74,,1850,14.1,.518,.470,6.3,13.1,9.7,14.4,1.9,0.2,,,,99,2.0,1.8,3.8,.098,.470,,.854
349,Jack Marin,1972-73,28,HOU,NBA,81,,3019,15.1,.511,.468,,,7.7,12.8,,,,,,,4.2,1.9,6.1,.098,.468,,.849
350,Mike O'Koren,1981-82,23,NJN,NBA,80,32,2018,13.6,.528,.497,6.1,11.0,8.5,13.7,1.9,0.4,14.6,19.9,104,104,1.4,2.8,4.1,.098,.492,.348,.714
351,Robert Reid,1985-86,30,HOU,NBA,82,5,2157,13.7,.506,.468,3.3,11.8,7.5,13.5,2.0,0.4,9.0,19.4,109,108,2.5,1.9,4.4,.098,.464,.182,.757
352,Purvis Short,1983-84,26,GSW,NBA,79,76,2945,16.9,.529,.480,6.3,10.1,8.1,13.0,1.6,0.2,11.8,25.6,108,111,4.1,1.9,6.0,.098,.473,.306,.793
353,Walt Williams,1996-97,26,TOR,NBA,73,73,2647,14.9,.551,.516,4.4,12.0,8.1,13.0,1.9,1.9,13.8,21.4,108,109,3.3,2.1,5.4,.098,.427,.400,.765
354,Gene Banks,1985-86,26,CHI,NBA,82,33,2139,15.5,.559,.517,9.1,10.0,9.5,16.6,1.8,0.3,14.8,17.9,114,113,3.7,0.6,4.3,.097,.517,.000,.718
355,Leo Barnhorst,1951-52,27,INO,NBA,66,,2344,15.9,.419,.389,,,,,,,,,,,1.3,3.5,4.7,.097,.389,,.652
356,Dave DeBusschere *,1966-67,26,DET,NBA,78,,2897,16.2,.473,.415,,,,10.4,,,,,,,1.6,4.3,5.9,.097,.415,,.705
357,Francisco Garcia,2007-08,26,SAC,NBA,79,20,2096,15.1,.576,.538,3.0,11.7,7.4,10.2,2.3,1.8,13.2,20.7,108,109,2.4,1.8,4.2,.097,.463,.391,.779
358,Lou Hudson,1966-67,22,STL,NBA,80,,2446,15.3,.500,.467,,,,5.9,,,,,,,3.4,1.5,4.9,.097,.467,,.706
359,Jack Marin,1973-74,29,TOT,NBA,74,,1782,14.4,.548,.501,3.5,9.6,6.6,13.2,1.1,0.7,,,,103,2.9,0.7,3.6,.097,.501,,.855
360,Chris Mullin *,1993-94,30,GSW,NBA,62,39,2324,15.8,.539,.503,3.0,12.9,8.0,19.1,2.2,1.4,15.6,20.3,106,106,2.4,2.3,4.7,.097,.472,.364,.753
361,Purvis Short,1984-85,27,GSW,NBA,78,77,3081,18.9,.533,.473,5.3,9.6,7.2,12.3,1.8,0.5,10.5,29.1,110,114,5.4,0.8,6.2,.097,.460,.313,.817
362,Jamaal Wilkes *,1974-75,21,GSW,NBA,82,,2515,15.3,.473,.442,7.8,18.2,13.0,9.8,1.9,0.5,,,,97,2.3,2.8,5.1,.097,.442,,.734
363,Robert Reid,1978-79,23,HOU,NBA,82,,2259,13.9,.521,.492,6.3,16.8,11.6,13.2,1.5,1.1,13.2,17.3,107,106,2.9,1.7,4.5,.096,.492,,.704
364,Mike Dunleavy,2006-07,26,TOT,NBA,82,49,2580,14.1,.542,.493,3.6,15.5,9.4,14.2,1.6,0.6,13.3,19.0,107,107,2.6,2.5,5.1,.095,.452,.313,.784
365,Rick Fox,1995-96,26,BOS,NBA,81,81,2588,16.1,.547,.507,6.7,13.0,9.7,22.6,2.2,1.1,17.2,20.9,108,109,3.0,2.2,5.1,.095,.454,.364,.772
366,Cliff Hagan *,1965-66,34,STL,NBA,74,,1851,14.8,.491,.445,,,,13.6,,,,,,,2.4,1.2,3.7,.095,.445,,.854
367,Lou Hudson,1978-79,34,LAL,NBA,78,,1686,13.7,.556,.517,4.4,4.6,4.5,10.8,1.6,0.5,12.5,18.7,108,107,2.3,1.1,3.3,.095,.517,,.887
368,Johnny Newman,1999-00,36,NJN,NBA,82,9,1763,13.6,.566,.504,2.4,7.5,4.9,6.2,1.6,0.4,11.0,20.5,109,110,2.9,0.6,3.5,.095,.446,.379,.838
369,Johnny Newman,1989-90,26,NYK,NBA,80,69,2277,12.7,.562,.504,3.0,6.2,4.7,11.3,2.0,0.6,13.5,19.4,110,110,2.8,1.7,4.5,.095,.476,.317,.799
370,James Posey,2008-09,32,NOH,NBA,75,0,2140,10.8,.568,.523,2.2,18.3,10.2,6.0,1.5,0.8,11.8,15.0,109,107,1.7,2.6,4.2,.095,.412,.369,.822
371,Bingo Smith,1976-77,30,CLE,NBA,81,,2135,15.0,.478,.446,4.2,11.1,7.5,11.3,1.4,0.8,,,,100,2.2,2.0,4.2,.095,.446,,.818
372,Bill Bradley *,1971-72,28,NYK,NBA,78,,2780,12.9,.502,.465,,,4.4,16.0,,,,,,,2.7,2.8,5.4,.094,.465,,.849
373,Rick Fox,1996-97,27,BOS,NBA,76,75,2650,16.5,.551,.509,4.6,13.2,8.6,17.8,3.2,1.1,14.3,20.1,108,109,3.3,1.9,5.2,.094,.456,.363,.787
374,John Havlicek *,1965-66,25,BOS,NBA,71,,2175,16.7,.450,.399,,,,14.6,,,,,,,0.1,4.1,4.3,.094,.399,,.785
375,Togo Palazzi,1957-58,25,SYR,NBA,67,,1001,15.8,.442,.394,,,,,,,,,,,1.0,1.0,2.0,.094,.394,,.719
376,Jack Twyman *,1965-66,31,CIN,NBA,73,,943,14.6,.494,.450,,,,9.1,,,,,,,1.3,0.6,1.8,.094,.450,,.812
377,Chet Walker *,1963-64,23,PHI,NBA,76,,2775,15.2,.497,.440,,,,,,,,,,,3.5,1.9,5.4,.094,.440,,.711
378,Nick Anderson,1996-97,29,ORL,NBA,63,61,2163,13.8,.494,.496,3.5,13.2,8.2,14.5,3.0,1.1,10.1,18.2,104,104,1.3,2.9,4.2,.093,.397,.353,.404
379,Bill Bradley *,1968-69,25,NYK,NBA,82,,2413,13.1,.481,.429,,,,16.9,,,,,,,1.9,2.7,4.7,.093,.429,,.814
380,Rick Fox,1997-98,28,LAL,NBA,82,82,2709,12.5,.564,.527,3.3,11.4,7.5,15.5,1.9,1.2,18.7,17.5,105,105,2.5,2.8,5.3,.093,.471,.325,.743
381,Eddie Johnson,1983-84,24,KCK,NBA,82,82,2920,16.6,.528,.492,6.3,11.5,8.9,16.0,1.2,0.4,11.1,26.3,107,110,3.4,2.2,5.6,.093,.485,.313,.810
382,Johnny Newman,1987-88,24,NYK,NBA,77,25,1589,12.1,.531,.456,6.1,5.4,5.7,5.7,2.2,0.4,12.4,21.2,108,109,1.6,1.5,3.1,.093,.435,.280,.841
383,Tom Van Arsdale,1969-70,26,CIN,NBA,71,,2544,16.3,.509,.451,,,,8.7,,,,,,,3.1,1.8,5.0,.093,.451,,.774
384,Scott Wedman,1984-85,32,BOS,NBA,78,5,1127,12.7,.515,.497,5.9,9.5,7.8,11.1,1.0,0.5,8.8,19.2,109,109,1.2,1.0,2.2,.093,.478,.500,.764
385,Scott Wedman,1985-86,33,BOS,NBA,79,19,1402,12.5,.499,.487,5.5,9.3,7.5,8.1,1.3,0.9,7.8,20.2,104,105,0.9,1.8,2.7,.093,.473,.354,.662
386,Rick Fox,1992-93,23,BOS,NBA,71,14,1082,14.7,.534,.489,5.8,10.8,8.3,14.9,2.9,1.2,15.4,20.1,105,106,0.7,1.3,2.1,.092,.484,.174,.802
387,Kevin Gamble,1989-90,24,BOS,NBA,71,10,990,12.3,.520,.460,4.9,7.4,6.2,15.7,1.4,0.5,11.2,16.7,111,111,1.2,0.7,1.9,.092,.455,.167,.794
388,Allan Bristow,1979-80,28,UTA,NBA,82,,2304,16.6,.534,.482,9.0,16.7,13.0,21.4,1.9,0.1,16.7,20.0,108,110,3.2,1.2,4.4,.091,.480,.286,.811
389,Mike Dunleavy,2004-05,24,GSW,NBA,79,79,2570,14.5,.539,.510,3.9,15.0,9.2,13.1,1.6,0.7,11.9,19.1,107,107,2.7,2.2,4.9,.091,.451,.388,.779
390,Rick Fox,2001-02,32,LAL,NBA,82,82,2289,11.3,.502,.475,4.4,14.3,9.4,18.1,1.5,0.7,17.0,15.2,103,103,1.5,2.8,4.3,.091,.421,.313,.824
391,Rick Fox,1998-99,29,LAL,NBA,44,1,944,13.6,.534,.497,3.3,7.6,5.5,15.5,1.6,0.8,13.2,20.3,106,107,1.4,0.4,1.8,.091,.448,.337,.742
392,Jan Van Breda Kolff,1976-77,25,NYN,NBA,72,,2398,12.0,.520,.445,6.3,13.5,9.7,7.3,1.4,1.6,,,,99,2.0,2.5,4.5,.091,.445,,.855
393,Scott Wedman,1974-75,22,KCO,NBA,80,,2554,12.0,.505,.465,8.2,11.7,10.0,7.4,1.5,0.6,,,,99,2.5,2.3,4.8,.091,.465,,.818
394,Mark Aguirre,1985-86,26,DAL,NBA,74,73,2501,19.2,.547,.509,7.9,11.6,9.8,20.9,1.2,0.3,14.2,29.0,107,113,3.7,0.9,4.7,.090,.503,.286,.705
395,Ron Anderson,1985-86,27,TOT,NBA,77,30,1676,14.0,.517,.495,8.5,9.3,8.9,12.5,1.6,0.2,10.7,18.7,107,108,1.6,1.5,3.1,.090,.494,.222,.669
396,Terry Dischinger,1971-72,31,DET,NBA,79,,2062,10.9,.563,.514,,,7.8,6.1,,,,,,,3.6,0.3,3.9,.090,.514,,.780
397,Jack Marin,1966-67,22,BAL,NBA,74,,1323,14.4,.498,.448,,,,7.8,,,,,,,1.6,0.9,2.5,.090,.448,,.775
398,Ed Ratleff,1975-76,25,HOU,NBA,72,,2401,13.5,.540,.485,5.0,11.9,8.6,14.1,2.2,0.8,,,,101,3.0,1.5,4.5,.090,.485,,.816
399,Cazzie Russell,1975-76,31,LAL,NBA,74,,1625,14.7,.504,.463,3.1,7.6,5.4,11.2,1.4,0.1,,,,102,2.2,0.9,3.0,.090,.463,,.892
400,Walt Williams,2000-01,30,HOU,NBA,72,31,1583,12.6,.527,.489,2.3,15.3,9.0,10.0,1.0,1.2,11.4,18.7,105,105,1.8,1.2,3.0,.090,.394,.395,.770
401,Allan Bristow,1977-78,26,SAS,NBA,82,,1481,14.6,.529,.478,7.3,10.7,9.1,16.7,2.1,0.1,18.8,20.2,101,103,1.6,1.2,2.8,.089,.478,,.731
402,Tony Campbell,1994-95,32,CLE,NBA,78,0,1128,12.9,.508,.430,6.4,10.6,8.5,11.1,1.6,0.6,12.3,22.4,105,107,0.7,1.4,2.1,.089,.411,.357,.830
403,Walt Williams,1994-95,24,SAC,NBA,77,77,2739,15.0,.544,.497,4.3,10.2,7.3,19.3,2.3,1.7,17.3,22.7,104,106,1.6,3.4,5.1,.089,.446,.348,.731
404,Shandon Anderson,1998-99,25,UTA,NBA,50,2,1072,12.8,.511,.466,6.0,8.8,7.5,9.7,2.0,0.7,13.6,21.6,99,101,0.7,1.3,2.0,.088,.446,.341,.712
405,Jim Baechtold,1955-56,28,NYK,NBA,70,,1738,14.2,.467,.386,,,,,,,,,,,2.3,0.8,3.2,.088,.386,,.801
406,Lou Hudson,1977-78,33,LAL,NBA,82,,2283,14.2,.525,.497,3.7,4.7,4.2,11.6,1.9,0.3,12.3,20.9,103,104,2.8,1.3,4.2,.088,.497,,.774
407,Sonny Parker,1981-82,26,GSW,NBA,71,0,899,12.6,.506,.473,8.7,12.8,10.7,12.5,2.1,0.7,15.6,14.7,108,107,0.8,0.9,1.6,.088,.473,,.667
408,Reggie Williams,1993-94,29,DEN,NBA,82,68,2654,13.1,.478,.444,4.2,11.9,8.2,17.6,2.2,1.6,12.8,20.5,101,103,0.9,3.9,4.8,.088,.412,.278,.733
409,Shandon Anderson,1999-00,26,HOU,NBA,82,82,2700,13.8,.567,.524,3.9,11.9,8.0,14.3,1.8,0.8,17.9,17.6,106,107,3.0,1.9,4.9,.087,.473,.351,.767
410,Joe Caldwell,1965-66,24,TOT,NBA,79,,1857,15.3,.477,.438,,,,10.1,,,,,,,1.6,1.8,3.3,.087,.438,,.705
411,Bill Calhoun,1952-53,25,TOT,NBA,62,,2148,12.4,.431,.337,,,,,,,,,,,1.2,2.7,3.9,.087,.337,,.723
412,John Havlicek *,1977-78,37,BOS,NBA,82,,2797,14.3,.495,.449,3.5,8.5,6.0,17.1,1.5,0.4,13.3,21.3,101,103,2.9,2.1,5.1,.087,.449,,.855
413,Jim Holstein,1952-53,22,MNL,NBA,66,,989,11.6,.415,.358,,,,,,,,,,,0.2,1.6,1.8,.087,.358,,.667
414,Jack Marin,1974-75,30,BUF,NBA,81,,2147,12.8,.510,.455,5.1,11.8,8.6,8.6,1.1,0.4,,,,100,2.4,1.5,3.9,.087,.455,,.869
415,Scottie Pippen *,1989-90,24,CHI,NBA,82,82,3148,16.3,.528,.501,5.6,14.9,10.3,19.8,3.3,2.0,17.8,21.2,103,105,1.4,4.3,5.7,.087,.489,.250,.675
416,Peja Stojakovic,2008-09,31,NOH,NBA,61,59,2089,12.5,.531,.500,2.6,12.7,7.6,6.0,1.4,0.1,6.3,18.8,108,109,1.9,1.9,3.8,.087,.399,.378,.894
417,Jan Van Breda Kolff,1978-79,27,NJN,NBA,80,,1998,10.8,.534,.463,5.5,15.0,10.1,11.6,1.9,2.0,21.1,12.0,101,101,0.9,2.7,3.6,.087,.463,,.798
418,Ron Anderson,1989-90,31,PHI,NBA,78,3,2089,13.9,.499,.452,4.4,11.5,8.0,10.0,1.7,0.4,7.8,20.4,108,110,2.0,1.7,3.8,.086,.451,.143,.838
419,Robert Reid,1981-82,26,HOU,NBA,77,75,2913,13.3,.492,.457,6.4,13.2,9.7,14.7,1.9,0.9,13.0,17.0,107,108,2.5,2.7,5.2,.086,.456,.100,.748
420,Ron Anderson,1990-91,32,PHI,NBA,82,13,2340,15.5,.524,.490,5.0,12.4,8.8,8.2,1.4,0.3,8.1,23.2,107,110,2.3,1.8,4.1,.085,.485,.209,.833
421,M.L. Carr,1977-78,27,DET,NBA,79,,2556,13.6,.502,.455,8.4,14.3,11.4,9.8,2.6,0.5,17.7,17.8,99,100,1.7,2.8,4.5,.085,.455,,.738
422,Dave DeBusschere *,1968-69,28,TOT,NBA,76,,2943,14.4,.483,.444,,,,8.8,,,,,,,2.2,3.0,5.2,.085,.444,,.698
423,Kelly Tripucka,1986-87,27,UTA,NBA,79,76,1865,13.0,.554,.484,3.0,10.6,6.7,17.9,2.1,0.3,18.8,18.9,103,105,0.8,2.6,3.3,.085,.469,.365,.872
424,Stacey Augmon,1992-93,24,ATL,NBA,73,66,2112,15.2,.551,.501,7.2,8.0,7.6,12.1,2.1,0.5,14.5,21.2,109,112,2.5,1.2,3.7,.084,.501,.000,.739
425,Stacey Augmon,2001-02,33,CHH,NBA,77,3,1319,11.5,.479,.427,5.1,14.3,9.7,12.5,2.3,0.7,12.7,14.8,102,103,0.7,1.6,2.3,.084,.427,.000,.762
426,Jack Givens,1979-80,23,ATL,NBA,82,,1254,11.5,.444,.385,9.7,11.0,10.4,6.9,2.0,0.9,10.0,19.2,101,103,0.6,1.6,2.2,.084,.385,.000,.828
427,Eddie Johnson,1986-87,27,SAC,NBA,81,30,2457,16.2,.523,.477,6.5,9.3,7.9,15.9,0.8,0.4,10.1,26.2,110,115,3.6,0.7,4.3,.084,.463,.314,.829
428,Sonny Parker,1980-81,25,GSW,NBA,73,,1317,13.3,.536,.492,8.4,8.0,8.2,10.6,2.4,0.6,15.9,15.9,109,109,1.6,0.7,2.3,.084,.492,,.734
429,Tom Van Arsdale,1970-71,27,CIN,NBA,82,,3146,15.0,.501,.456,,,7.1,8.0,,,,,,,3.8,1.7,5.5,.084,.456,,.721
430,Eddie Johnson,1984-85,25,KCK,NBA,82,81,3029,16.2,.542,.496,5.7,9.6,7.7,13.4,1.3,0.4,11.5,25.5,109,114,4.4,0.9,5.3,.083,.491,.241,.871
431,Jack Twyman *,1964-65,30,CIN,NBA,80,,2236,13.9,.487,.443,,,,8.9,,,,,,,2.9,1.0,3.9,.083,.443,,.828
432,Mark Aguirre,1988-89,29,TOT,NBA,80,76,2597,16.4,.524,.481,6.4,10.0,8.3,17.9,0.9,0.8,12.6,27.4,105,110,2.4,2.1,4.5,.082,.461,.293,.733
433,Allan Bristow,1974-75,23,PHI,NBA,72,,1101,14.7,.486,.415,10.1,13.3,11.7,13.0,1.1,0.1,,,,100,1.1,0.8,1.9,.082,.415,,.791
434,Jud Buechler,1996-97,28,CHI,NBA,76,0,703,9.8,.423,.424,7.3,12.8,10.1,11.4,1.7,2.2,14.1,12.1,101,103,0.1,1.1,1.2,.082,.367,.333,.357
435,Bill Calhoun,1953-54,26,MLH,NBA,72,,2370,12.5,.441,.349,,,,,,,,,,,2.2,1.9,4.1,.082,.349,,.733
436,Glen Gondrezick,1978-79,23,NYK,NBA,75,,1602,11.0,.511,.494,9.8,18.7,14.3,8.0,2.8,0.6,20.5,11.4,101,102,0.6,2.1,2.7,.082,.494,,.567
437,Robert Reid,1984-85,29,HOU,NBA,82,0,1763,11.8,.507,.482,5.1,12.2,8.6,12.6,1.3,0.7,12.6,18.0,106,108,1.2,1.8,3.0,.082,.481,.063,.698
438,Reggie Williams,1990-91,26,TOT,NBA,73,46,1896,14.8,.526,.482,6.3,9.6,7.9,9.4,2.6,1.2,10.6,20.2,109,112,2.2,1.0,3.3,.082,.449,.363,.843
439,Ron Anderson,1988-89,30,PHI,NBA,82,12,2618,15.3,.531,.492,7.1,10.3,8.7,7.9,1.3,0.5,9.1,21.9,110,114,3.5,0.9,4.4,.081,.491,.182,.856
440,Tony Campbell,1989-90,27,MIN,NBA,82,81,3164,17.1,.520,.460,7.5,9.8,8.5,12.4,1.8,0.6,12.1,29.0,105,110,2.8,2.5,5.3,.081,.457,.167,.787
441,Johnny Newman,2000-01,37,NJN,NBA,82,17,2049,13.0,.542,.461,1.9,8.2,4.9,10.0,1.6,0.4,11.4,20.6,106,109,2.7,0.7,3.4,.081,.419,.335,.855
442,Dick Rosenthal,1954-55,25,FTW,NBA,67,,1406,13.7,.435,.377,,,,,,,,,,,0.7,1.7,2.4,.081,.377,,.718
443,Peja Stojakovic,1998-99,21,SAC,NBA,48,1,1025,13.5,.496,.454,4.4,10.2,7.4,10.8,2.0,0.4,11.6,19.1,103,105,1.0,0.7,1.7,.081,.378,.320,.851
444,Chet Walker *,1964-65,24,PHI,NBA,79,,2187,14.3,.471,.403,,,,8.5,,,,,,,1.8,1.9,3.7,.081,.403,,.742
445,Francisco Garcia,2006-07,25,SAC,NBA,79,5,1410,11.7,.551,.499,4.3,12.9,8.5,9.8,1.6,2.3,14.0,15.9,106,108,1.1,1.2,2.4,.080,.429,.356,.833
446,Johnny Newman,1990-91,27,CHH,NBA,81,81,2477,15.1,.559,.485,4.2,7.6,5.9,11.9,2.0,0.4,13.4,24.3,107,112,2.8,1.3,4.1,.080,.470,.357,.809
447,Scottie Pippen *,1988-89,23,CHI,NBA,73,56,2413,14.9,.524,.488,6.8,14.3,10.7,15.1,2.9,1.5,16.6,21.3,102,105,0.7,3.3,4.0,.080,.476,.273,.668
448,James Posey,2000-01,24,DEN,NBA,82,82,2255,12.5,.511,.467,5.9,14.9,10.4,11.2,2.1,1.2,13.5,14.9,104,105,2.1,1.7,3.8,.080,.412,.300,.816
449,Ben Warley,1964-65,28,PHI,NBA,65,,900,11.2,.472,.372,,,,7.6,,,,,,,0.6,0.9,1.5,.080,.372,,.705
450,Duane Ferrell,1990-91,25,ATL,NBA,78,2,1165,12.4,.559,.492,8.8,7.9,8.4,6.8,1.4,1.4,15.5,17.8,110,112,1.3,0.6,1.9,.079,.489,.667,.801
451,Rick Fox,2002-03,33,LAL,NBA,76,75,2181,11.9,.523,.506,3.3,13.5,8.3,17.7,1.6,0.5,15.7,15.7,105,106,2.0,1.6,3.6,.079,.422,.375,.754
452,Eddie Johnson,1993-94,34,CHH,NBA,73,27,1460,15.9,.527,.499,6.2,10.6,8.5,13.8,1.2,0.3,9.6,25.6,106,111,1.8,0.6,2.4,.079,.459,.393,.780
453,Johnny Newman,1995-96,32,MIL,NBA,82,82,2690,11.5,.592,.542,3.0,6.2,4.6,8.8,1.8,0.4,12.6,14.6,115,114,3.7,0.7,4.4,.079,.495,.377,.802
454,Mike Sanders,1986-87,26,PHO,NBA,82,4,1655,14.4,.535,.496,7.0,11.3,9.2,11.1,1.7,0.8,11.6,22.2,107,111,1.5,1.2,2.7,.079,.494,.118,.781
455,Scott Wedman,1975-76,23,KCK,NBA,82,,2968,13.9,.492,.456,6.8,14.2,10.4,10.1,1.6,0.6,,,,100,2.6,2.2,4.9,.079,.456,,.780
456,Nick Anderson,1991-92,24,ORL,NBA,60,59,2203,16.4,.509,.477,4.8,14.9,9.7,12.4,2.2,0.9,9.7,24.5,105,109,1.6,2.0,3.6,.078,.463,.353,.667
457,Shandon Anderson,2000-01,27,HOU,NBA,82,82,2396,11.9,.528,.485,3.6,12.3,8.0,12.5,1.8,1.2,16.3,15.4,103,105,1.9,2.0,3.9,.078,.446,.271,.734
458,LeBron James,2003-04,19,CLE,NBA,79,79,3122,18.3,.488,.438,3.5,11.8,7.6,27.8,2.2,1.3,13.9,28.2,99,104,2.4,2.6,5.1,.078,.417,.290,.754
459,Jackie Moreland,1962-63,24,DET,NBA,78,,1516,13.9,.480,.436,,,,,,,,,,,1.0,1.5,2.5,.078,.436,,.678
460,Togo Palazzi,1956-57,24,TOT,NBA,63,,1013,16.1,.429,.368,,,,,,,,,,,0.5,1.2,1.6,.078,.368,,.777
461,Jan Van Breda Kolff,1979-80,28,NJN,NBA,82,,2399,9.5,.533,.471,4.4,14.1,9.3,13.1,1.9,1.7,23.1,11.0,100,102,0.6,3.3,3.9,.078,.463,.350,.839
462,Mike Dunleavy,2005-06,25,GSW,NBA,81,68,2578,12.5,.503,.451,3.3,14.2,8.6,15.0,1.2,0.9,11.5,18.1,104,107,1.9,2.3,4.2,.077,.406,.285,.778
463,Duane Ferrell,1992-93,27,ATL,NBA,82,15,1736,13.7,.527,.476,6.0,6.3,6.1,11.4,1.7,0.6,11.5,21.4,109,113,2.1,0.7,2.8,.077,.470,.250,.779
464,Eddie Johnson,1985-86,26,SAC,NBA,82,30,2514,15.8,.523,.477,7.8,11.0,9.4,13.2,1.0,0.4,11.6,26.6,106,111,2.7,1.4,4.0,.077,.475,.200,.816
465,Jack Marin,1975-76,31,TOT,NBA,79,,1909,12.7,.473,.422,3.5,10.3,6.7,11.9,1.1,0.3,,,,100,1.6,1.4,3.1,.077,.422,,.856
466,Bingo Smith,1973-74,27,CLE,NBA,82,,2612,13.9,.483,.455,5.0,12.5,8.5,11.5,1.6,0.6,,,,100,2.4,1.8,4.2,.077,.455,,.822
467,Bingo Smith,1975-76,29,CLE,NBA,81,,2338,13.1,.466,.442,3.5,11.7,7.5,9.9,1.2,0.8,,,,99,1.5,2.3,3.7,.077,.442,,.816
468,Scott Wedman,1980-81,28,KCK,NBA,81,,2902,14.8,.503,.485,4.9,11.6,8.3,11.7,1.6,0.9,9.5,24.1,101,106,1.7,2.9,4.7,.077,.477,.325,.686
469,Nate Williams,1976-77,26,NOJ,NBA,79,,1776,14.7,.486,.451,5.9,10.7,8.3,8.1,1.9,0.5,,,,100,1.0,1.8,2.8,.077,.451,,.753
470,Nate Williams,1973-74,23,KCO,NBA,82,,2513,15.5,.500,.462,4.9,9.4,7.2,11.3,2.7,0.7,,,,99,1.9,2.1,4.0,.077,.462,,.818
471,Leo Barnhorst,1952-53,28,INO,NBA,71,,2871,16.0,.421,.389,,,,,,,,,,,1.1,3.5,4.6,.076,.389,,.629
472,Togo Palazzi,1958-59,26,SYR,NBA,71,,1053,14.7,.437,.392,,,,,,,,,,,0.5,1.1,1.7,.076,.392,,.728
473,Robert Reid,1986-87,31,HOU,NBA,75,63,2594,11.4,.475,.444,2.0,10.1,6.1,17.4,1.4,0.5,8.8,18.7,104,108,1.3,2.8,4.1,.076,.417,.327,.768
474,Bingo Smith,1977-78,31,CLE,NBA,82,,1581,14.3,.470,.439,4.1,9.2,6.6,8.9,1.1,0.7,8.3,24.6,98,102,1.2,1.3,2.5,.076,.439,,.800
475,Kelly Tripucka,1990-91,31,CHH,NBA,77,1,1289,13.5,.557,.472,4.0,11.9,7.8,18.0,1.3,0.6,15.9,19.1,109,112,1.4,0.7,2.0,.076,.454,.333,.910
476,Dominique Wilkins *,1994-95,35,BOS,NBA,77,64,2423,16.3,.519,.472,7.4,11.8,9.5,11.5,1.3,0.4,11.6,26.6,107,113,2.6,1.3,3.9,.076,.424,.388,.782
477,Nick Anderson,1990-91,23,ORL,NBA,70,42,1971,15.1,.510,.477,4.9,16.7,10.7,8.5,1.8,1.3,10.4,22.4,104,108,1.2,1.9,3.1,.075,.467,.293,.668
478,Don Boven,1952-53,27,TOT,NBA,67,,1373,11.3,.435,.358,,,,,,,,,,,0.9,1.3,2.2,.075,.358,,.694
479,Dave DeBusschere *,1971-72,31,NYK,NBA,80,,3072,15.0,.462,.427,,,14.4,13.2,,,,,,,-0.2,4.9,4.8,.075,.427,,.728
480,Mike O'Koren,1980-81,22,NJN,NBA,79,,2473,12.6,.515,.489,8.0,14.0,10.9,14.0,1.6,0.6,14.7,15.8,105,107,1.9,2.0,3.8,.075,.486,.278,.637
481,Billy Owens,1997-98,28,SAC,NBA,78,78,2348,14.4,.502,.482,7.9,20.0,13.8,15.4,2.1,1.1,15.8,18.3,100,104,0.9,2.8,3.7,.075,.464,.371,.589
482,Tom Van Arsdale,1968-69,25,CIN,NBA,77,,3059,12.7,.508,.444,,,,9.4,,,,,,,4.4,0.4,4.8,.075,.444,,.747
483,Shandon Anderson,2002-03,29,NYK,NBA,82,9,1731,13.4,.553,.510,4.2,13.2,8.6,8.3,2.2,0.8,15.5,19.6,101,105,1.2,1.4,2.7,.074,.462,.371,.732
484,Junior Bridgeman,1984-85,31,LAC,NBA,80,15,2042,14.8,.516,.472,3.1,9.2,6.2,12.5,1.1,0.5,9.7,23.9,107,113,2.2,0.9,3.1,.074,.465,.359,.879
485,Dave DeBusschere *,1962-63,22,DET,NBA,80,,2352,14.5,.476,.430,,,,,,,,,,,1.3,2.3,3.6,.074,.430,,.718
486,Jack Givens,1978-79,22,ATL,NBA,74,,1347,13.0,.457,.415,7.6,9.7,8.6,8.7,2.5,0.7,10.7,20.5,100,104,0.7,1.4,2.1,.074,.415,,.756
487,Jim Paxson,1957-58,25,CIN,NBA,67,,1795,11.6,.431,.352,,,,,,,,,,,0.9,1.9,2.8,.074,.352,,.733
488,Purvis Short,1978-79,21,GSW,NBA,75,,1703,13.1,.492,.479,8.0,14.0,10.9,8.1,1.5,0.4,12.1,21.8,99,103,0.7,1.9,2.6,.074,.479,,.671
489,Tal Skinner,1975-76,23,SEA,NBA,72,,1224,10.2,.489,.463,7.3,15.1,11.1,7.0,1.8,0.3,,,,99,0.7,1.2,1.9,.074,.463,,.613
490,Bingo Smith,1972-73,26,CLE,NBA,73,,1068,16.3,.470,.444,,,9.0,16.5,,,,,,,0.4,1.3,1.6,.074,.444,,.790
491,Terry Tyler,1983-84,27,DET,NBA,82,7,1602,13.2,.482,.454,6.7,12.5,9.5,6.3,1.8,2.0,9.4,19.9,103,107,0.8,1.7,2.5,.074,.453,.154,.712
492,Tom Van Arsdale,1974-75,31,TOT,NBA,82,,2843,13.8,.480,.428,2.5,7.3,4.8,12.0,1.5,0.1,,,,102,3.1,1.2,4.4,.074,.428,,.759
493,Rick Fox,1993-94,24,BOS,NBA,82,52,2096,14.4,.535,.490,5.6,13.5,9.6,15.3,1.9,1.6,16.0,20.4,103,108,1.5,1.7,3.2,.073,.467,.330,.757
494,Rick Fox,1991-92,22,BOS,NBA,81,5,1535,12.2,.531,.481,5.5,10.1,7.9,11.1,2.5,1.2,16.9,20.4,102,106,0.4,1.9,2.3,.073,.459,.329,.755
495,George Lee,1960-61,24,DET,NBA,74,,1735,14.6,.472,.399,,,,,,,,,,,1.8,0.8,2.6,.073,.399,,.701
496,Rudy Macklin,1982-83,24,ATL,NBA,73,20,1171,10.9,.528,.472,7.7,9.5,8.6,8.6,1.7,0.5,17.6,18.0,100,105,0.5,1.2,1.8,.073,.472,.000,.771
497,Stan McKenzie,1968-69,24,PHO,NBA,80,,1569,12.9,.502,.427,,,,10.8,,,,,,,2.0,0.4,2.4,.073,.427,,.763
498,Tom Van Arsdale,1971-72,28,CIN,NBA,73,,2598,14.7,.507,.456,,,6.7,11.6,,,,,,,3.3,0.7,4.0,.073,.456,,.755
499,Nate Williams,1977-78,27,TOT,NBA,73,,1249,14.8,.466,.431,5.1,11.1,8.1,9.0,2.1,1.4,9.6,26.7,95,100,0.4,1.5,1.9,.073,.431,,.835
500,Dave DeBusschere *,1967-68,27,DET,NBA,80,,3125,15.0,.483,.442,,,,7.6,,,,,,,1.8,2.9,4.7,.072,.442,,.664
501,Terry Tyler,1986-87,30,SAC,NBA,82,48,1930,12.8,.524,.496,6.5,12.1,9.3,5.3,1.3,2.3,9.7,16.6,109,111,1.6,1.3,2.9,.072,.495,.333,.721
502,Stacey Augmon,1991-92,23,ATL,NBA,82,82,2505,14.4,.526,.490,7.9,9.9,8.9,11.4,2.4,0.6,14.8,20.1,104,109,1.5,2.2,3.7,.071,.489,.167,.666
503,Bill Bradley *,1973-74,30,NYK,NBA,82,,2813,11.1,.485,.451,2.2,7.2,4.7,12.3,0.7,0.4,,,,99,1.6,2.6,4.2,.071,.451,,.874
504,Junior Bridgeman,1976-77,23,MIL,NBA,82,,2410,14.4,.494,.449,5.5,12.4,8.9,11.7,1.5,0.5,,,,104,2.5,1.1,3.6,.071,.449,,.864
505,Michael Curry,1997-98,29,MIL,NBA,82,27,1978,9.1,.548,.474,1.6,4.5,3.0,10.9,1.5,0.5,13.5,13.2,110,110,2.1,0.9,2.9,.071,.469,.444,.835
506,Mike Sanders,1988-89,28,CLE,NBA,82,82,2102,10.5,.482,.455,5.6,10.6,8.2,8.8,2.1,0.9,11.6,18.1,99,104,0.0,3.1,3.1,.071,.453,.300,.719
507,Purvis Short,1989-90,32,NJN,NBA,82,24,2213,13.4,.508,.460,4.6,7.5,6.0,10.8,1.4,0.5,10.1,21.3,107,112,2.0,1.3,3.3,.071,.455,.286,.835
508,Ron Anderson,1991-92,33,PHI,NBA,82,11,2432,14.1,.520,.486,4.6,8.5,6.5,9.0,1.8,0.3,9.2,21.5,107,112,2.2,1.3,3.5,.070,.465,.331,.877
509,Michael Curry,1998-99,30,MIL,NBA,50,4,1146,8.7,.507,.439,2.0,9.2,5.7,10.5,2.0,0.5,13.3,11.6,105,105,0.9,0.8,1.7,.070,.437,.067,.797
510,Keith Erickson,1972-73,28,LAL,NBA,76,,1920,12.0,.461,.430,,,8.0,15.9,,,,,,,0.2,2.6,2.8,.070,.430,,.809
511,Keith Erickson,1970-71,26,LAL,NBA,73,,2272,11.5,.494,.471,,,8.0,12.5,,,,,,,1.6,1.7,3.3,.070,.471,,.759
512,Eddie Johnson,1997-98,38,HOU,NBA,75,1,1490,13.1,.524,.478,4.0,8.1,6.1,10.0,1.1,0.1,9.3,20.3,108,113,2.0,0.1,2.2,.070,.417,.333,.831
513,Johnny Newman,1994-95,31,MIL,NBA,82,11,1896,10.4,.563,.509,4.4,6.6,5.5,7.5,1.9,0.5,13.2,15.2,111,113,1.9,0.8,2.8,.070,.463,.352,.801
514,John Brisker,1972-73,25,SEA,NBA,70,,1633,16.4,.492,.435,,,9.3,14.0,,,,,,,1.7,0.6,2.3,.069,.435,,.822
515,Mel Payton,1952-53,26,INO,NBA,66,,1424,15.5,.419,.357,,,,,,,,,,,0.3,1.8,2.1,.069,.357,,.745
516,Harold Pressley,1989-90,26,SAC,NBA,72,10,1603,13.7,.506,.465,6.7,15.1,10.9,13.5,1.8,1.3,12.3,19.3,104,109,0.8,1.5,2.3,.069,.424,.311,.780
517,Terry Teagle,1985-86,25,GSW,NBA,82,52,2158,14.2,.542,.498,4.6,7.3,5.9,7.6,1.5,0.9,11.2,22.0,108,114,2.5,0.6,3.1,.069,.496,.160,.796
518,Kelly Tripucka,1988-89,29,CHH,NBA,71,65,2302,17.7,.558,.480,3.6,9.5,6.4,15.7,1.8,0.4,14.1,29.8,105,113,2.4,0.9,3.3,.069,.467,.357,.866
519,Tom Van Arsdale,1966-67,23,DET,NBA,79,,2134,12.6,.465,.391,,,,12.3,,,,,,,0.7,2.4,3.1,.069,.391,,.784
520,Joe Caldwell,1967-68,26,STL,NBA,79,,2641,13.2,.480,.463,,,,13.6,,,,,,,1.6,2.2,3.7,.068,.463,,.569
521,Don Collins,1980-81,22,TOT,NBA,81,,1845,14.5,.500,.444,7.8,8.5,8.1,15.7,2.7,0.8,15.8,24.6,99,105,0.6,2.0,2.6,.068,.444,.000,.776
522,Ed Conlin,1955-56,22,SYR,NBA,66,,1423,13.8,.416,.368,,,,,,,,,,,-0.2,2.2,2.0,.068,.368,,.680
523,Stacey Augmon,2002-03,34,NOH,NBA,70,3,862,9.3,.474,.411,3.5,12.7,8.0,12.5,1.7,0.8,15.2,13.9,99,103,0.2,1.0,1.2,.067,.411,.000,.750
524,Jim Baechtold,1952-53,25,BLB,NBA,64,,1893,12.9,.455,.390,,,,,,,,,,,2.3,0.4,2.6,.067,.390,,.738
525,Jud Buechler,1992-93,24,GSW,NBA,70,9,1287,11.5,.495,.462,7.0,9.9,8.5,9.9,1.8,0.9,11.1,15.7,108,111,1.0,0.8,1.8,.067,.437,.339,.747
526,Albert King,1981-82,22,NJN,NBA,76,52,1694,13.5,.517,.483,6.9,14.0,10.4,12.8,1.8,1.2,16.9,25.1,97,103,-0.2,2.6,2.4,.067,.482,.231,.778
527,Billy Owens,1994-95,25,MIA,NBA,70,60,2296,15.6,.523,.493,10.2,15.6,12.8,17.3,1.8,1.0,17.6,22.3,103,109,1.2,2.1,3.2,.067,.491,.091,.620
528,James Posey,2009-10,33,NOH,NBA,77,2,1731,8.7,.525,.483,2.1,20.5,11.2,9.3,1.3,0.8,11.8,11.4,108,110,1.0,1.4,2.4,.067,.365,.335,.825
529,Mark Aguirre,1991-92,32,DET,NBA,75,12,1582,13.7,.479,.440,4.8,12.0,8.4,13.4,1.7,0.4,10.6,27.6,100,106,0.1,2.0,2.2,.066,.431,.211,.687
530,Scottie Pippen *,1987-88,22,CHI,NBA,79,0,1650,12.9,.489,.466,8.1,12.6,10.4,14.5,2.8,1.9,17.0,20.0,98,103,-0.4,2.6,2.3,.066,.463,.174,.576
531,Terry Teagle,1990-91,30,LAL,NBA,82,0,1498,12.8,.488,.443,6.6,7.3,7.0,8.8,1.1,0.3,9.0,26.7,103,109,0.7,1.3,2.1,.066,.443,.000,.819
532,Allan Bristow,1980-81,29,UTA,NBA,82,,2001,14.9,.511,.448,6.0,18.5,12.3,27.0,1.5,0.1,19.7,18.7,103,109,1.4,1.3,2.7,.065,.444,.278,.838
533,Jud Buechler,1990-91,22,NJN,NBA,74,10,859,10.0,.455,.418,7.2,10.2,8.6,8.2,1.9,1.0,9.3,13.1,105,109,0.4,0.8,1.2,.065,.416,.250,.652
534,Dave DeBusschere *,1965-66,25,DET,NBA,79,,2696,15.7,.447,.408,,,,10.9,,,,,,,-0.1,3.7,3.7,.065,.408,,.659
535,Dick Gibbs,1973-74,25,SEA,NBA,71,,1528,12.4,.486,.431,5.5,8.8,7.1,7.3,1.1,0.6,,,,101,1.3,0.8,2.1,.065,.431,,.806
536,Cliff Hagan *,1956-57,25,STL,NBA,67,,971,12.2,.423,.361,,,,,,,,,,,0.3,1.0,1.3,.065,.361,,.690
537,Eddie Johnson,1987-88,28,PHO,NBA,73,59,2177,15.2,.532,.491,6.2,10.3,8.2,12.6,0.7,0.2,10.3,25.4,107,115,2.5,0.5,3.0,.065,.480,.255,.850
538,Johnny Newman,1996-97,33,MIL,NBA,82,4,2060,10.8,.545,.481,3.9,7.1,5.5,8.9,1.9,0.6,14.9,17.3,106,110,1.6,1.2,2.8,.065,.450,.347,.765
539,Nick Anderson,1999-00,32,SAC,NBA,72,72,2094,11.8,.479,.476,4.1,12.8,8.4,8.6,2.2,0.5,10.4,18.1,97,103,0.3,2.5,2.8,.064,.391,.332,.487
540,Rafael Addison,1991-92,27,NJN,NBA,76,8,1175,10.9,.477,.449,5.7,9.3,7.4,8.1,1.2,1.4,9.0,17.5,106,112,0.8,0.7,1.5,.063,.433,.286,.737
541,Irv Bemoras,1953-54,23,MLH,NBA,69,,1496,12.7,.427,.366,,,,,,,,,,,0.8,1.2,2.0,.063,.366,,.668
542,Nate Williams,1972-73,22,KCO,NBA,80,,1879,13.6,.504,.477,,,9.4,9.8,,,,,,,2.3,0.1,2.5,.063,.477,,.797
543,Jim Baechtold,1953-54,26,NYK,NBA,70,,1627,10.5,.437,.366,,,,,,,,,,,1.2,0.9,2.1,.062,.366,,.757
544,Tony Campbell,1990-91,28,MIN,NBA,77,71,2893,16.6,.494,.439,6.1,7.9,6.9,12.4,2.2,1.1,10.1,28.1,104,112,2.3,1.4,3.7,.062,.434,.262,.803
545,Kevin Loder,1981-82,22,KCK,NBA,71,13,1139,12.9,.498,.464,6.6,12.8,9.6,10.7,1.4,1.5,12.1,20.2,101,108,0.4,1.1,1.5,.062,.464,.000,.720
546,Jackie Moreland,1963-64,25,DET,NBA,78,,1780,12.1,.484,.426,,,,,,,,,,,1.5,0.8,2.3,.062,.426,,.781
547,Mike O'Koren,1983-84,25,NJN,NBA,73,25,1191,10.0,.508,.490,6.7,10.1,8.4,10.5,1.3,0.5,15.1,16.6,102,108,0.3,1.2,1.5,.062,.483,.179,.609
548,Alvin Scott,1979-80,24,PHO,NBA,79,,1303,9.9,.493,.424,7.7,11.5,9.6,9.3,1.7,2.2,20.6,13.6,97,103,0.0,1.7,1.7,.062,.422,.333,.779
549,Terry Tyler,1979-80,23,DET,NBA,82,,2670,14.2,.499,.466,8.9,15.8,12.3,6.4,1.8,4.3,14.8,17.0,100,106,0.9,2.5,3.4,.062,.465,.167,.765
550,George Lee,1961-62,25,DET,NBA,75,,1351,12.2,.458,.358,,,,,,,,,,,0.6,1.2,1.7,.061,.358,,.761
551,Robert Reid,1977-78,22,HOU,NBA,80,,1849,11.3,.475,.455,6.2,14.6,10.3,8.7,1.7,1.5,11.6,15.0,101,105,1.4,0.9,2.3,.061,.455,,.656
552,Cazzie Russell,1966-67,22,NYK,NBA,77,,1696,14.2,.487,.436,,,,15.1,,,,,,,1.6,0.6,2.2,.061,.436,,.785
553,Bingo Smith,1978-79,32,CLE,NBA,72,,1650,13.4,.485,.460,4.8,9.1,6.8,10.7,1.2,0.2,8.3,21.8,103,110,1.6,0.5,2.1,.061,.460,,.783
554,Junior Bridgeman,1975-76,22,MIL,NBA,81,,1646,13.7,.485,.439,7.4,11.1,9.3,13.7,1.5,0.7,,,,100,0.8,1.2,2.1,.060,.439,,.795
555,Michael Curry,2002-03,34,DET,NBA,78,77,1555,5.7,.474,.437,1.2,8.6,4.8,10.8,1.6,0.2,14.7,9.0,98,103,0.2,1.7,2.0,.060,.402,.296,.800
556,Michael Curry,1999-00,31,DET,NBA,82,3,1611,8.6,.559,.482,1.5,6.0,3.7,8.3,1.0,0.2,13.9,14.3,107,110,1.6,0.5,2.0,.060,.480,.200,.839
557,Paul Graham,1992-93,25,ATL,NBA,80,11,1508,12.7,.526,.495,4.3,9.9,7.0,15.9,2.8,0.3,16.3,20.2,103,110,0.7,1.2,1.9,.060,.457,.298,.733
558,Andy Johnson,1959-60,27,PHW,NBA,75,,1421,10.8,.416,.378,,,,,,,,,,,-0.4,2.1,1.8,.060,.378,,.601
559,Johnny Newman,1997-98,34,DEN,NBA,74,15,2176,14.9,.547,.453,2.6,5.1,3.8,12.2,1.9,0.8,12.9,23.9,107,115,3.2,-0.4,2.7,.060,.431,.343,.820
560,Stacey Augmon,1997-98,29,POR,NBA,71,23,1445,10.3,.457,.415,8.7,10.2,9.5,9.8,2.1,1.6,15.5,16.3,96,103,-0.1,1.9,1.8,.059,.414,.143,.603
561,Allan Bristow,1981-82,30,DAL,NBA,82,54,2035,12.6,.502,.440,6.5,12.8,9.5,29.3,1.6,0.2,22.4,14.9,105,111,1.3,1.2,2.5,.059,.437,.167,.817
562,Art Heyman,1963-64,22,NYK,NBA,75,,2236,14.7,.485,.431,,,,,,,,,,,2.6,0.2,2.7,.059,.431,,.685
563,Johnny Newman,1998-99,35,CLE,NBA,50,2,949,9.2,.526,.468,2.0,8.0,5.0,8.1,1.6,1.0,12.5,16.9,99,105,0.5,0.7,1.2,.059,.422,.377,.810
564,James Posey,2001-02,25,DEN,NBA,73,63,2238,12.9,.474,.422,5.3,17.1,10.9,13.1,2.7,1.3,13.3,19.1,98,105,0.6,2.2,2.7,.058,.376,.283,.793
565,Ed Ratleff,1973-74,23,HOU,NBA,81,,1773,12.5,.476,.434,5.7,11.5,8.6,13.5,2.3,0.8,,,,100,0.8,1.3,2.1,.058,.434,,.798
566,Scott Wedman,1982-83,30,TOT,NBA,75,35,1793,12.7,.505,.481,6.0,11.7,8.8,10.2,1.1,0.5,13.1,22.1,100,107,0.9,1.3,2.2,.058,.475,.313,.794
567,Michael Curry,2001-02,33,DET,NBA,82,75,1912,6.2,.521,.466,0.9,9.4,5.2,10.1,1.3,0.4,16.0,9.3,102,106,0.7,1.6,2.3,.057,.453,.269,.791
568,Rodney McCray,1991-92,30,DAL,NBA,75,48,2106,12.6,.491,.456,7.3,16.6,11.8,15.7,1.2,0.9,14.3,16.4,104,111,1.0,1.5,2.5,.057,.436,.294,.719
569,Rodney McCray,1988-89,27,SAC,NBA,68,65,2435,13.1,.513,.470,6.2,16.6,11.3,16.9,1.1,0.9,16.8,16.8,103,110,1.1,1.8,2.9,.057,.466,.227,.722
570,Togo Palazzi,1955-56,23,BOS,NBA,63,,703,14.8,.439,.389,,,,,,,,,,,0.3,0.5,0.8,.057,.389,,.685
571,Anthony Roberts,1977-78,22,DEN,NBA,82,,1598,12.2,.467,.423,9.0,13.4,11.3,9.4,1.1,0.2,12.5,22.7,96,104,0.8,1.1,1.9,.057,.423,,.722
572,Bingo Smith,1971-72,25,CLE,NBA,82,,2734,13.5,.478,.443,,,8.9,13.2,,,,,,,1.0,2.3,3.3,.057,.443,,.795
573,Eddie Johnson,1981-82,22,KCK,NBA,74,27,1517,13.1,.487,.460,9.2,14.8,11.9,10.1,1.6,0.5,12.0,21.7,100,108,0.3,1.4,1.8,.056,.459,.091,.664
574,Terry Tyler,1985-86,29,SAC,NBA,71,52,1651,13.3,.483,.455,7.5,13.9,10.7,8.0,1.8,3.7,11.9,19.4,99,106,0.1,1.9,1.9,.056,.455,.000,.750
575,Mike Dunleavy,2002-03,22,GSW,NBA,82,3,1305,12.5,.505,.465,5.4,11.9,8.7,12.6,2.1,1.0,15.7,17.8,103,109,1.1,0.4,1.5,.055,.403,.347,.780
576,Terry Tyler,1988-89,32,DAL,NBA,70,11,1057,12.3,.498,.471,7.8,13.9,10.9,5.7,1.1,2.2,11.6,17.9,101,109,0.2,1.0,1.2,.055,.469,.111,.758
577,Tony Brown,1984-85,24,IND,NBA,82,26,1586,10.8,.503,.460,9.6,9.5,9.6,13.4,1.7,0.4,17.7,16.3,102,109,0.4,1.4,1.8,.054,.460,.000,.678
578,Kevin Gamble,1993-94,28,BOS,NBA,75,29,1880,13.4,.503,.473,2.4,7.1,4.8,12.4,1.5,0.7,8.2,21.6,104,112,1.4,0.7,2.1,.054,.458,.243,.817
579,Terry Teagle,1989-90,29,GSW,NBA,82,49,2376,14.8,.529,.481,5.4,10.8,8.2,9.9,1.7,0.3,10.3,23.4,105,114,1.9,0.8,2.7,.054,.480,.214,.830
580,Tony Campbell,1985-86,23,DET,NBA,82,1,1292,12.6,.506,.485,6.7,12.9,9.7,4.8,2.2,0.3,11.8,22.0,99,107,0.1,1.3,1.4,.053,.484,.222,.795
581,Darren Daye,1983-84,23,WSB,NBA,75,0,1174,12.3,.488,.441,9.0,9.7,9.3,21.8,1.6,0.6,17.1,20.5,100,108,0.2,1.1,1.3,.053,.441,.000,.714
582,Andy Johnson,1958-59,26,PHW,NBA,67,,1158,10.5,.421,.373,,,,,,,,,,,0.0,1.3,1.3,.053,.373,,.602
583,Marques Johnson,1984-85,28,LAC,NBA,72,68,2448,14.3,.489,.453,8.8,10.5,9.7,14.6,1.4,0.7,12.7,23.1,103,112,1.2,1.5,2.7,.053,.452,.231,.731
584,Glenn McDonald,1975-76,23,BOS,NBA,75,,1019,11.0,.439,.419,5.4,7.6,6.5,9.5,1.7,1.0,,,,98,0.0,1.2,1.1,.053,.419,,.714
585,Togo Palazzi,1954-55,22,BOS,NBA,53,,504,15.0,.442,.399,,,,,,,,,,,0.3,0.3,0.6,.053,.399,,.750
586,Willie Burton,1990-91,22,MIA,NBA,76,26,1928,11.5,.507,.444,6.3,8.9,7.6,8.5,1.8,0.8,13.8,22.1,101,110,0.5,1.6,2.1,.052,.441,.133,.782
587,Jeff Grayer,1991-92,26,MIL,NBA,82,11,1659,13.3,.489,.462,8.5,9.2,8.9,13.9,1.9,0.5,12.2,21.7,104,113,1.0,0.8,1.8,.052,.448,.288,.667
588,Harold Pressley,1987-88,24,SAC,NBA,80,49,2029,12.7,.510,.479,7.4,12.4,9.9,12.7,2.0,1.5,15.1,17.8,103,111,0.9,1.3,2.2,.052,.453,.327,.792
589,Joe Ellis,1972-73,28,GSW,NBA,74,,1054,13.2,.442,.409,,,12.2,11.1,,,,,,,-0.5,1.6,1.1,.051,.409,,.742
590,Ed Conlin,1958-59,25,TOT,NBA,72,,1955,12.3,.423,.369,,,,,,,,,,,0.1,2.0,2.0,.050,.369,,.719
591,Jeff Grayer,1989-90,24,MIL,NBA,71,40,1427,11.4,.495,.461,7.4,10.0,8.7,10.8,1.6,0.4,12.9,18.7,102,110,0.4,1.1,1.5,.050,.460,.125,.651
592,Nick Anderson,1989-90,22,ORL,NBA,81,9,1785,14.9,.536,.495,6.1,12.7,9.3,10.5,1.8,1.0,13.7,22.1,105,114,1.2,0.7,1.8,.049,.494,.059,.705
593,Jeff Grayer,1990-91,25,MIL,NBA,82,7,1422,11.8,.474,.433,9.1,11.5,10.3,12.5,1.7,0.4,13.5,19.2,101,109,0.3,1.2,1.5,.049,.433,.000,.687
594,Bingo Smith,1970-71,24,CLE,NBA,77,,2332,15.5,.483,.448,,,8.9,17.7,,,,,,,1.6,0.8,2.4,.049,.448,,.761
595,Terry Tyler,1987-88,31,SAC,NBA,74,28,1185,12.4,.471,.453,7.9,14.3,11.1,6.6,1.7,2.2,9.0,16.3,103,111,0.4,0.8,1.2,.049,.452,.143,.641
596,Bill Bradley *,1974-75,31,NYK,NBA,79,,2787,11.1,.473,.436,2.4,7.1,4.7,12.9,1.2,0.3,,,,102,1.4,1.4,2.8,.048,.436,,.873
597,Tony Campbell,1991-92,29,MIN,NBA,78,41,2441,15.3,.515,.469,6.2,6.8,6.5,14.8,1.7,0.8,11.5,25.0,105,115,1.9,0.6,2.5,.048,.464,.351,.803
598,Keith Erickson,1968-69,24,LAL,NBA,77,,1974,9.9,.459,.420,,,,12.9,,,,,,,0.4,1.6,1.9,.047,.420,,.686
599,Bingo Smith,1979-80,33,TOT,NBA,78,,2123,11.3,.474,.445,4.6,8.7,6.6,6.6,1.4,0.4,7.9,19.2,103,112,1.5,0.5,2.1,.047,.432,.284,.870
600,M.L. Carr,1982-83,32,BOS,NBA,77,0,883,9.7,.475,.433,6.2,10.4,8.3,10.3,2.5,0.6,18.4,19.1,93,102,-0.4,1.2,0.8,.046,.429,.158,.741
601,Albert King,1985-86,26,NJN,NBA,73,69,1998,13.3,.498,.458,6.5,14.1,10.3,13.4,1.3,0.7,14.7,24.6,99,108,0.0,1.9,1.9,.045,.456,.174,.823
602,Alvin Scott,1984-85,29,PHO,NBA,77,18,1238,8.0,.473,.431,4.3,10.4,7.4,12.9,1.5,1.1,17.1,11.6,98,108,-0.1,1.2,1.2,.045,.429,.200,.716
603,Tal Skinner,1974-75,22,SEA,NBA,73,,1574,9.0,.445,.409,8.8,13.7,11.2,6.9,1.4,0.6,,,,99,0.1,1.3,1.5,.045,.409,,.649
604,Tom Van Arsdale,1972-73,29,TOT,NBA,79,,2311,13.3,.484,.427,,,7.5,9.3,,,,,,,1.6,0.5,2.2,.045,.427,,.812
605,Bill Bradley *,1975-76,32,NYK,NBA,82,,2709,10.2,.471,.433,1.8,7.2,4.4,12.6,1.2,0.4,,,,102,1.0,1.5,2.5,.044,.433,,.878
606,Keith Erickson,1967-68,23,CHI,NBA,78,,2257,12.8,.450,.401,,,,16.6,,,,,,,-0.3,2.4,2.1,.044,.401,,.755
607,Glen Gondrezick,1977-78,22,NYK,NBA,72,,1017,10.1,.440,.386,9.5,15.8,12.7,9.9,2.4,0.9,17.3,17.7,91,100,-0.2,1.1,0.9,.044,.386,,.686
608,Joe Caldwell,1966-67,25,STL,NBA,81,,2256,13.2,.461,.426,,,,10.4,,,,,,,0.4,1.6,2.0,.043,.426,,.649
609,Rudy Macklin,1981-82,23,ATL,NBA,79,32,1516,9.3,.495,.434,8.4,11.2,9.8,4.6,1.3,0.8,16.7,19.2,96,106,-0.4,1.8,1.4,.043,.434,.000,.775
610,Bingo Smith,1969-70,23,SDR,NBA,75,,1198,12.4,.451,.427,,,,8.1,,,,,,,-0.6,1.7,1.1,.043,.427,,.688
611,Tom Van Arsdale,1973-74,30,PHI,NBA,78,,3041,12.5,.481,.428,2.7,10.1,6.2,10.3,0.9,0.1,,,,102,1.3,1.4,2.7,.043,.428,,.851
612,Shandon Anderson,2003-04,30,NYK,NBA,80,37,1974,10.1,.500,.454,3.1,9.7,6.5,10.2,1.8,0.7,15.7,17.7,96,105,0.2,1.5,1.7,.042,.422,.281,.764
613,Joe Ellis,1971-72,27,GSW,NBA,78,,1462,12.3,.443,.411,,,11.9,9.6,,,,,,,-1.0,2.2,1.3,.042,.411,,.720
614,Kelly Tripucka,1989-90,30,CHH,NBA,79,73,2404,13.6,.521,.448,3.7,12.0,7.6,14.5,1.5,0.4,12.9,24.1,101,112,0.6,1.5,2.1,.042,.430,.365,.883
615,Mel Payton,1951-52,25,PHW,NBA,45,,471,10.9,.423,.386,,,,,,,,,,,0.2,0.2,0.4,.041,.386,,.750
616,Rafael Addison,1994-95,30,DET,NBA,79,16,1776,11.3,.521,.497,4.4,11.6,8.0,9.9,1.5,1.0,10.8,17.8,105,114,0.9,0.6,1.5,.040,.476,.289,.747
617,Dick Gibbs,1975-76,27,BUF,NBA,72,,866,9.8,.490,.429,5.2,7.5,6.4,7.7,0.8,0.8,,,,102,0.2,0.5,0.7,.039,.429,,.828
618,Terry Teagle,1991-92,31,LAL,NBA,82,0,1602,14.5,.493,.453,6.4,6.6,6.5,12.3,2.1,0.3,11.3,27.5,100,111,0.2,1.0,1.3,.038,.452,.250,.766
619,Tom Van Arsdale,1975-76,32,ATL,NBA,75,,2026,11.1,.477,.441,1.7,7.9,4.7,10.9,1.3,0.2,,,,104,1.1,0.5,1.6,.038,.441,,.759
620,Terry Teagle,1986-87,26,GSW,NBA,82,0,1650,13.2,.506,.458,4.5,7.2,5.8,9.5,1.9,0.5,11.4,25.1,102,113,0.4,0.8,1.3,.037,.458,.000,.778
621,Tom Van Arsdale,1976-77,33,PHO,NBA,77,,1425,7.7,.484,.433,3.6,10.3,7.0,6.3,0.6,0.1,,,,101,0.0,1.1,1.1,.037,.433,,.703
622,Don Boven,1951-52,26,MLH,NBA,66,,1982,12.4,.399,.299,,,,,,,,,,,-0.2,1.7,1.5,.036,.299,,.731
623,Joe Ellis,1968-69,24,SFW,NBA,74,,1731,13.6,.433,.395,,,,11.7,,,,,,,-1.2,2.5,1.3,.036,.395,,.731
624,Bill Calhoun,1954-55,27,MLH,NBA,69,,2109,9.0,.389,.300,,,,,,,,,,,-0.9,2.3,1.4,.033,.300,,.703
625,Tom Van Arsdale,1965-66,22,DET,NBA,79,,2041,10.6,.433,.374,,,,13.4,,,,,,,-0.7,2.1,1.4,.033,.374,,.721
626,Jack Turner,1954-55,24,NYK,NBA,65,,922,10.5,.413,.360,,,,,,,,,,,-0.1,0.8,0.6,.032,.360,,.789
627,Tom Van Arsdale,1967-68,24,TOT,NBA,77,,1514,10.6,.465,.387,,,,12.8,,,,,,,0.3,0.7,1.0,.032,.387,,.746
628,Mike Sanders,1989-90,29,IND,NBA,82,13,1531,9.1,.498,.475,6.3,11.1,8.8,8.3,1.4,0.9,13.4,16.7,100,112,0.1,0.9,1.0,.031,.470,.357,.733
629,Randolph Keys,1989-90,23,TOT,NBA,80,18,1615,10.9,.474,.442,6.8,11.0,8.8,8.6,2.1,0.3,10.2,21.9,97,109,-0.5,1.5,1.0,.030,.432,.326,.721
630,Tony Brown,1986-87,26,NJN,NBA,77,67,2339,9.7,.485,.445,4.1,6.5,5.3,15.9,1.8,0.4,14.5,18.2,100,113,0.0,1.2,1.3,.026,.442,.250,.738
631,Jackie Moreland,1960-61,22,DET,NBA,64,,1003,11.7,.437,.400,,,,,,,,,,,0.1,0.5,0.5,.026,.400,,.652
632,Jim Holstein,1953-54,23,MNL,NBA,70,,1155,7.9,.356,.306,,,,,,,,,,,-1.3,1.8,0.6,.024,.306,,.571
633,Ed Conlin,1959-60,26,DET,NBA,70,,1636,12.4,.417,.361,,,,,,,,,,,-0.5,1.2,0.7,.022,.361,,.761
634,Joe Ellis,1969-70,25,SFW,NBA,76,,2380,13.0,.448,.410,,,,8.5,,,,,,,-1.7,2.7,1.0,.019,.410,,.741
635,Jan Van Breda Kolff,1980-81,29,NJN,NBA,78,,1426,6.5,.506,.412,3.7,12.5,8.0,11.2,1.2,2.0,26.7,11.2,91,107,-0.6,1.2,0.6,.019,.408,.250,.838
636,Ed Conlin,1960-61,27,PHW,NBA,77,,1294,10.0,.406,.361,,,,,,,,,,,-0.9,1.4,0.5,.018,.361,,.748
637,Shandon Anderson,2001-02,28,NYK,NBA,82,6,1596,8.0,.489,.452,4.1,13.9,9.0,7.7,1.6,0.7,18.8,15.1,90,106,-0.9,1.3,0.4,.013,.399,.277,.692
638,Michael Curry,2003-04,35,TOR,NBA,70,15,1229,3.6,.460,.395,2.0,6.1,4.1,7.2,1.0,0.3,17.8,10.6,88,105,-0.6,0.9,0.3,.013,.388,.200,.845
639,Bill Calhoun,1951-52,24,BLB,NBA,55,,1594,10.2,.391,.315,,,,,,,,,,,-0.4,0.8,0.4,.012,.315,,.683
640,Bud Stallworth,1974-75,25,NOJ,NBA,73,,1668,10.2,.456,.420,4.5,10.4,7.4,4.2,1.6,0.4,,,,101,-0.6,1.0,0.4,.012,.420,,.687
641,Joe Ellis,1970-71,26,SFW,NBA,80,,2275,10.7,.437,.396,,,9.9,9.8,,,,,,,-1.4,1.8,0.5,.010,.396,,.744
642,Nate Williams,1971-72,21,CIN,NBA,81,,2173,11.2,.461,.432,,,8.5,11.8,,,,,,,-0.2,0.7,0.4,.009,.432,,.738
643,Joe Caldwell,1964-65,23,DET,NBA,66,,1543,13.0,.408,.374,,,,10.8,,,,,,,-1.6,1.9,0.3,.008,.374,,.614
644,Jim Holstein,1954-55,24,MNL,NBA,62,,980,8.7,.378,.324,,,,,,,,,,,-1.0,1.2,0.2,.008,.324,,.713
645,Andy Johnson,1960-61,28,PHW,NBA,79,,2000,8.6,.395,.359,,,,,,,,,,,-1.7,2.0,0.3,.007,.359,,.571
646,Keith Erickson,1966-67,22,CHI,NBA,76,,1454,10.1,.413,.367,,,,10.9,,,,,,,-1.6,1.7,0.2,.005,.367,,.736
647,Mike Sanders,1990-91,30,IND,NBA,80,7,1357,8.4,.446,.421,6.4,9.1,7.8,10.9,1.3,1.1,11.1,18.1,97,114,-0.4,0.5,0.1,.003,.417,.200,.825
648,Jim Paxson,1956-57,24,MNL,NBA,71,,1274,9.2,.379,.285,,,,,,,,,,,-1.2,1.2,0.0,.001,.285,,.720
649,Bud Stallworth,1972-73,23,SEA,NBA,77,,1225,9.3,.421,.379,,,8.7,6.7,,,,,,,-1.3,0.4,-0.9,-0.036,.379,,.754
650,Irv Bemoras,1956-57,26,STL,NBA,62,,983,7.0,.369,.322,,,,,,,,,,,-1.3,0.6,-0.6,-0.031,.322,,.680
651,Terry Teagle,1982-83,22,HOU,NBA,73,44,1708,10.3,.458,.434,4.4,8.0,6.1,13.5,1.5,0.6,14.2,22.7,91,110,-1.4,0.6,-0.8,-0.022,.428,.345,.696
652,Gerald Paddio,1990-91,25,CLE,NBA,70,22,1181,9.3,.461,.425,3.7,7.8,5.8,11.9,0.9,0.3,11.5,22.8,93,113,-0.9,0.5,-0.4,-0.018,.419,.250,.796
653,Robert Reid,1989-90,34,TOT,NBA,72,28,1202,8.0,.427,.403,3.0,11.7,7.1,10.9,1.5,0.8,8.5,18.7,91,111,-1.1,0.8,-0.3,-0.011,.391,.313,.628
654,Ed Conlin,1961-62,28,PHW,NBA,70,,963,7.0,.393,.345,,,,,,,,,,,-1.0,0.8,-0.1,-0.007,.345,,.742
655,Albert King,1987-88,28,PHI,NBA,72,44,1593,7.2,.442,.406,5.2,10.6,7.9,10.1,1.2,0.7,13.7,18.0,94,113,-0.9,0.8,-0.1,-0.004,.391,.347,.757
656,Dike Eddleman,1951-52,29,TOT,NBA,66,,1904,11.1,.387,.332,,,,,,,,,,,-1.5,1.4,-0.1,-0.003,.332,,.611
657,Dike Eddleman,1952-53,30,FTW,NBA,69,,1571,10.8,.389,.351,,,,,,,,,,,-1.6,1.5,-0.1,-0.002,.351,,.561
658,Robert Reid,1988-89,33,CHH,NBA,82,54,2152,12.2,.464,.435,4.0,11.9,7.8,11.4,1.2,0.5,7.5,26.8,97,114,-0.8,0.7,-0.1,-0.002,.428,.327,.776
